5302,0000 0,00 0,00 0,00 83,66 -716,88 731,77
5306,0000 0,42 -100,00 0,00 83,66 -716,88 731,77
5322,0000 2,53 -100,00 0,00 83,66 -716,88 731,77
5354,0000 11,67 -100,00 0,00 82,80 -718,55 731,10
5382,0000 27,47 -100,00 0,00 79,48 -724,01 731,49
5398,0000 38,24 -100,00 0,00 76,23 -728,84 731,26
5431,0000 64,15 -100,00 0,00 68,47 -739,67 729,71
5463,0000 96,73 -100,00 0,00 59,33 -749,64 727,49
5479,0000 116,15 -100,00 0,00 54,33 -754,03 725,53
5507,0000 158,84 -100,00 0,00 45,17 -760,13 721,14
5539,0000 208,19 -100,00 0,00 33,21 -764,35 713,28
5556,0000 236,27 -100,00 0,00 26,52 -765,18 707,78
5588,0000 295,73 -100,00 0,00 11,52 -763,68 694,30
5616,0000 361,85 -100,00 0,00 -3,85 -758,97 678,55
5633,0000 398,59 -100,00 0,00 -13,57 -754,81 667,74
5665,0000 474,82 -100,00 0,00 -34,98 -743,50 643,55
5697,0000 557,72 -100,00 0,00 -59,78 -728,27 614,78
5713,0000 603,11 -100,00 0,00 -73,39 -719,40 598,49
5741,0000 696,11 -100,00 0,00 -98,65 -702,21 568,64
5774,0000 795,78 -100,00 0,00 -130,65 -679,74 530,64
5789,0000 849,83 -100,00 0,00 -147,99 -667,31 509,83
5822,0000 959,61 -100,00 0,00 -184,87 -640,28 465,77
5854,0000 1000,00 -100,00 0,00 -224,88 -610,02 417,22
5858,0000 1000,00 -100,00 0,00 -230,11 -606,03 410,76
5862,0000 1000,00 -100,00 0,00 -235,35 -602,00 404,22
5866,0000 1000,00 -100,00 0,00 -240,65 -597,88 397,54
5870,0000 1000,00 -100,00 0,00 -245,98 -593,76 390,88
5874,0000 1000,00 -100,00 0,00 -251,29 -589,62 384,23
5878,0000 1000,00 -100,00 0,00 -256,56 -585,44 377,54
5882,0000 1000,00 -100,00 0,00 -261,89 -581,24 370,85
5886,0000 1000,00 -100,00 0,00 -267,31 -577,03 364,11
5890,0000 1000,00 -100,00 0,00 -272,78 -572,80 357,36
5895,0000 1000,00 -100,00 0,00 -278,21 -568,54 350,53
5898,0000 1000,00 -100,00 0,00 -283,60 -564,26 343,64
5902,0000 1000,00 -100,00 0,00 -289,04 -559,97 336,80
5906,0000 1000,00 -100,00 0,00 -294,47 -555,69 329,91
5910,0000 1000,00 -100,00 0,00 -299,83 -551,46 322,99
5915,0000 1000,00 -100,00 0,00 -305,12 -547,29 316,08
5919,0000 1000,00 -100,00 0,00 -310,46 -543,15 309,25
5923,0000 1000,00 -100,00 0,00 -315,80 -539,06 302,56
5927,0000 1000,00 -100,00 0,00 -321,12 -535,02 295,98
5931,0000 1000,00 -100,00 0,00 -326,35 -531,02 289,43
5935,0000 1000,00 -100,00 0,00 -331,56 -527,11 283,09
5939,0000 1000,00 -100,00 0,00 -336,83 -523,27 277,06
5943,0000 1000,00 -100,00 0,00 -342,09 -519,59 271,30
5947,0000 1000,00 -100,00 0,00 -347,31 -516,04 265,73
5951,0000 1000,00 -100,00 0,00 -352,50 -512,58 260,45
5955,0000 1000,00 -100,00 0,00 -357,79 -509,21 255,49
5959,0000 1000,00 -100,00 0,00 -363,13 -505,94 250,73
5963,0000 1000,00 -100,00 0,00 -368,40 -502,80 246,12
5967,0000 1000,00 -100,00 0,00 -373,69 -499,76 241,69
5971,0000 1000,00 -100,00 0,00 -378,97 -496,89 237,48
5975,0000 1000,00 -100,00 0,00 -384,22 -494,17 233,37
5979,0000 1000,00 -100,00 0,00 -389,43 -491,55 229,29
5983,0000 1000,00 -100,00 0,00 -394,56 -489,05 225,26
5987,0000 1000,00 -100,00 0,00 -399,65 -486,68 221,28
5991,0000 1000,00 -100,00 0,00 -404,66 -484,39 217,20
5995,0000 1000,00 -100,00 0,00 -409,52 -482,19 213,00
5999,0000 1000,00 -100,00 0,00 -414,26 -480,07 208,75
6003,0000 1000,00 -100,00 0,00 -418,94 -477,99 204,45
6007,0000 1000,00 -100,00 0,00 -423,49 -475,97 200,02
6011,0000 1000,00 -100,00 0,00 -427,89 -474,02 195,54
6016,0000 1000,00 -100,00 0,00 -432,17 -472,14 191,05
6019,0000 1000,00 -100,00 0,00 -436,37 -470,33 186,56
6023,0000 1000,00 -100,00 0,00 -440,46 -468,58 182,00
6027,0000 1000,00 -100,00 0,00 -444,48 -466,90 177,43
6031,0000 1000,00 -100,00 0,00 -448,38 -465,28 172,85
6036,0000 1000,00 -100,00 0,00 -452,17 -463,71 168,24
6040,0000 1000,00 -100,00 0,00 -455,82 -462,17 163,53
6044,0000 1000,00 -100,00 0,00 -459,33 -460,68 158,78
6047,0000 1000,00 -100,00 0,00 -462,68 -459,25 153,95
6052,0000 1000,00 -100,00 0,00 -465,87 -457,86 149,05
6056,0000 1000,00 -100,00 0,00 -468,87 -456,47 144,04
6060,0000 1000,00 -100,00 0,00 -471,74 -455,12 138,97
6064,0000 1000,00 -100,00 0,00 -474,45 -453,80 133,83
6068,0000 1000,00 -100,00 0,00 -476,97 -452,51 128,58
6072,0000 1000,00 -100,00 0,00 -479,33 -451,26 123,26
6076,0000 1000,00 -100,00 0,00 -481,54 -449,99 117,82
6080,0000 1000,00 -100,00 0,00 -483,62 -448,74 112,33
6084,0000 1000,00 -100,00 0,00 -485,51 -447,51 106,77
6088,0000 1000,00 -100,00 0,00 -487,28 -446,28 101,27
6092,0000 1000,00 -100,00 0,00 -488,97 -445,12 95,92
6096,0000 1000,00 -100,00 0,00 -490,54 -443,98 90,67
6100,0000 1000,00 -100,00 0,00 -491,94 -442,80 85,51
6104,0000 1000,00 -100,00 0,00 -493,35 -441,74 80,67
6108,0000 1000,00 -100,00 0,00 -494,80 -440,77 76,10
6112,0000 1000,00 -100,00 0,00 -496,28 -439,88 71,78
6116,0000 1000,00 -100,00 0,00 -497,87 -439,12 67,83
6120,0000 1000,00 -100,00 0,00 -499,55 -438,51 64,24
6124,0000 1000,00 -100,00 0,00 -501,25 -437,96 60,98
6128,0000 1000,00 -100,00 0,00 -502,95 -437,46 57,96
6132,0000 1000,00 -100,00 0,00 -504,65 -437,04 55,18
6137,0000 1000,00 -100,00 0,00 -506,40 -436,71 52,68
6140,0000 1000,00 -100,00 0,00 -508,18 -436,44 50,38
6144,0000 1000,00 -100,00 0,00 -509,93 -436,25 48,21
6148,0000 1000,00 -100,00 0,00 -511,66 -436,08 46,13
6152,0000 1000,00 -100,00 0,00 -513,38 -435,94 44,15
6157,0000 1000,00 -100,00 0,00 -515,06 -435,83 42,28
6161,0000 1000,00 -100,00 0,00 -516,64 -435,73 40,42
6165,0000 1000,00 -100,00 0,00 -518,14 -435,60 38,60
6168,0000 1000,00 -100,00 0,00 -519,61 -435,50 36,89
6173,0000 1000,00 -100,00 0,00 -521,05 -435,44 35,28
6177,0000 1000,00 -100,00 0,00 -522,46 -435,37 33,75
6181,0000 1000,00 -100,00 0,00 -523,85 -435,35 32,36
6185,0000 1000,00 -100,00 0,00 -525,28 -435,36 31,10
6189,0000 1000,00 -100,00 0,00 -526,72 -435,40 29,96
6193,0000 1000,00 -100,00 0,00 -528,14 -435,50 28,94
6197,0000 1000,00 -100,00 0,00 -529,58 -435,61 28,04
6201,0000 1000,00 -100,00 0,00 -531,01 -435,75 27,24
6205,0000 1000,00 -100,00 0,00 -532,41 -435,93 26,51
6209,0000 1000,00 -100,00 0,00 -533,80 -436,11 25,85
6213,0000 1000,00 -100,00 0,00 -535,14 -436,31 25,23
6217,0000 1000,00 -100,00 0,00 -536,43 -436,49 24,64
6221,0000 1000,00 -100,00 0,00 -537,67 -436,68 24,08
6225,0000 1000,00 -100,00 0,00 -538,85 -436,88 23,55
6229,0000 1000,00 -100,00 0,00 -540,00 -437,08 23,04
6233,0000 1000,00 -100,00 0,00 -541,11 -437,29 22,56
6238,0000 1000,00 -100,00 0,00 -542,22 -437,49 22,12
6241,0000 1000,00 -100,00 0,00 -543,30 -437,68 21,72
6245,0000 1000,00 -100,00 0,00 -544,37 -437,90 21,40
6249,0000 1000,00 -100,00 0,00 -545,40 -438,14 21,11
6253,0000 1000,00 -100,00 0,00 -546,42 -438,36 20,85
6258,0000 1000,00 -100,00 0,00 -547,44 -438,58 20,64
6261,0000 1000,00 -100,00 0,00 -548,44 -438,81 20,45
6265,0000 1000,00 -100,00 0,00 -549,40 -439,04 20,32
6269,0000 1000,00 -100,00 0,00 -550,37 -439,29 20,24
6273,0000 1000,00 -100,00 0,00 -551,29 -439,53 20,12
6278,0000 1000,00 -100,00 0,00 -552,21 -439,77 20,06
6281,0000 1000,00 -100,00 0,00 -553,08 -440,01 19,99
6286,0000 1000,00 -100,00 0,00 -553,91 -440,24 19,92
6289,0000 1000,00 -100,00 0,00 -554,70 -440,47 19,86
6294,0000 1000,00 -100,00 0,00 -555,47 -440,71 19,82
6298,0000 1000,00 -100,00 0,00 -556,22 -440,93 19,78
6302,0000 1000,00 -100,00 0,00 -556,96 -441,16 19,76
6306,0000 1000,00 -100,00 0,00 -557,66 -441,39 19,74
6310,0000 1000,00 -100,00 0,00 -558,35 -441,61 19,73
6314,0000 1000,00 -100,00 0,00 -559,04 -441,83 19,76
6318,0000 1000,00 -100,00 0,00 -559,69 -442,05 19,79
6322,0000 1000,00 -100,00 0,00 -560,34 -442,28 19,86
6326,0000 1000,00 -100,00 0,00 -560,97 -442,50 19,92
6330,0000 1000,00 -100,00 0,00 -561,57 -442,70 19,96
6334,0000 1000,00 -100,00 0,00 -562,17 -442,90 20,03
6338,0000 1000,00 -100,00 0,00 -562,76 -443,10 20,12
6342,0000 1000,00 -100,00 0,00 -563,31 -443,29 20,17
6346,0000 1000,00 -100,00 0,00 -563,85 -443,48 20,23
6350,0000 1000,00 -100,00 0,00 -564,38 -443,67 20,32
6354,0000 1000,00 -100,00 0,00 -564,88 -443,85 20,40
6358,0000 1000,00 -100,00 0,00 -565,35 -444,02 20,45
6362,0000 1000,00 -100,00 0,00 -565,82 -444,19 20,54
6366,0000 1000,00 -100,00 0,00 -566,28 -444,36 20,62
6370,0000 1000,00 -100,00 0,00 -566,72 -444,52 20,69
6374,0000 1000,00 -100,00 0,00 -567,14 -444,69 20,77
6379,0000 1000,00 -100,00 0,00 -567,55 -444,85 20,85
6382,0000 1000,00 -100,00 0,00 -567,95 -445,00 20,93
6386,0000 1000,00 -100,00 0,00 -568,35 -445,16 21,03
6390,0000 1000,00 -100,00 0,00 -568,72 -445,32 21,12
6394,0000 1000,00 -100,00 0,00 -569,08 -445,48 21,22
6398,0000 1000,00 -100,00 0,00 -569,42 -445,63 21,31
6402,0000 1000,00 -100,00 0,00 -569,76 -445,77 21,41
6406,0000 1000,00 -100,00 0,00 -570,09 -445,91 21,49
6410,0000 1000,00 -100,00 0,00 -570,40 -446,05 21,57
6414,0000 1000,00 -100,00 0,00 -570,70 -446,18 21,65
6419,0000 1000,00 -100,00 0,00 -570,99 -446,30 21,74
6423,0000 1000,00 -100,00 0,00 -571,26 -446,42 21,81
6427,0000 1000,00 -100,00 0,00 -571,54 -446,53 21,89
6431,0000 1000,00 -100,00 0,00 -571,81 -446,65 21,97
6435,0000 1000,00 -100,00 0,00 -572,06 -446,76 22,04
6439,0000 1000,00 -100,00 0,00 -572,32 -446,87 22,12
6443,0000 1000,00 -100,00 0,00 -572,56 -446,97 22,20
6447,0000 1000,00 -100,00 0,00 -572,79 -447,06 22,26
6451,0000 1000,00 -100,00 0,00 -573,02 -447,16 22,34
6455,0000 1000,00 -100,00 0,00 -573,23 -447,25 22,41
6459,0000 1000,00 -100,00 0,00 -573,43 -447,35 22,48
6463,0000 1000,00 -100,00 0,00 -573,63 -447,44 22,54
6467,0000 1000,00 -100,00 0,00 -573,83 -447,52 22,61