Time	RobotX	RobotY	RobotZ	DiscX	DiscY	DiscZ
1922.00 	83.5300 	-716.870 	531.800 	87.0115 	-707.045 	530.607 	
1923.00 	83.5400 	-716.860 	531.850 	86.6140 	-707.682 	530.592 	
1923.00 	83.5400 	-716.860 	531.860 	86.6140 	-707.682 	530.592 	
1923.00 	83.5600 	-716.870 	531.870 	86.6140 	-707.682 	530.592 	
1923.00 	83.5700 	-716.870 	531.850 	86.6140 	-707.682 	530.592 	
1923.00 	83.5800 	-716.880 	531.790 	86.6140 	-707.682 	530.592 	
1924.00 	83.5800 	-716.900 	531.710 	86.6140 	-707.682 	530.592 	
1924.00 	83.5900 	-716.910 	531.650 	86.6140 	-707.682 	530.592 	
1924.00 	83.5900 	-716.910 	531.580 	86.6140 	-707.682 	530.592 	
1924.00 	83.5800 	-716.910 	531.530 	86.6140 	-707.682 	530.592 	
1924.00 	83.5800 	-716.910 	531.530 	86.6140 	-707.682 	530.592 	
1924.00 	83.5900 	-716.910 	531.550 	86.6140 	-707.682 	530.592 	
1924.00 	83.5900 	-716.910 	531.580 	86.6140 	-707.682 	530.592 	
1924.00 	83.5900 	-716.900 	531.640 	86.6140 	-707.682 	530.592 	
1924.00 	83.6000 	-716.890 	531.690 	86.6140 	-707.682 	530.592 	
1924.00 	83.6100 	-716.880 	531.740 	86.6140 	-707.682 	530.592 	
1925.00 	83.6200 	-716.870 	531.770 	86.6140 	-707.682 	530.592 	
1925.00 	83.6300 	-716.870 	531.790 	86.6140 	-707.682 	530.592 	
1925.00 	83.6300 	-716.870 	531.790 	86.6140 	-707.682 	530.592 	
1925.00 	83.6300 	-716.870 	531.790 	86.6140 	-707.682 	530.592 	
1925.00 	83.6300 	-716.870 	531.770 	86.6140 	-707.682 	530.592 	
1925.00 	83.6300 	-716.880 	531.750 	86.6140 	-707.682 	530.592 	
1925.00 	83.6300 	-716.880 	531.720 	86.6140 	-707.682 	530.592 	
1925.00 	83.6300 	-716.890 	531.710 	86.6140 	-707.682 	530.592 	
1925.00 	83.6400 	-716.890 	531.700 	86.6140 	-707.682 	530.592 	
1926.00 	83.6400 	-716.890 	531.700 	86.6140 	-707.682 	530.592 	
1926.00 	83.6400 	-716.890 	531.700 	86.6140 	-707.682 	530.592 	
1927.00 	83.6500 	-716.880 	531.740 	86.6140 	-707.682 	530.592 	
1929.00 	83.6500 	-716.880 	531.740 	86.6140 	-707.682 	530.592 	
1933.00 	83.6500 	-716.880 	531.740 	86.6140 	-707.682 	530.592 	
1937.00 	83.6500 	-716.880 	531.740 	86.6140 	-707.682 	530.592 	
1941.00 	83.6500 	-716.880 	531.740 	86.6140 	-707.682 	530.592 	
1945.00 	83.6500 	-716.880 	531.740 	86.6140 	-707.682 	530.592 	
1949.00 	83.6700 	-716.870 	531.740 	86.3490 	-707.621 	530.442 	
1953.00 	83.6900 	-716.870 	531.750 	86.3490 	-707.621 	530.442 	
1957.00 	83.6900 	-716.860 	531.740 	86.3490 	-707.621 	530.442 	
1961.00 	83.7000 	-716.840 	531.730 	86.3490 	-707.621 	530.442 	
1965.00 	83.7100 	-716.800 	531.730 	86.3490 	-707.621 	530.442 	
1969.00 	83.7400 	-716.750 	531.720 	86.3490 	-707.621 	530.442 	
1973.00 	83.7600 	-716.700 	531.730 	86.6715 	-707.600 	530.597 	
1977.00 	83.7800 	-716.640 	531.720 	86.6715 	-707.600 	530.597 	
1981.00 	83.8200 	-716.560 	531.720 	86.6715 	-707.600 	530.597 	
1986.00 	83.8700 	-716.470 	531.710 	86.6715 	-707.600 	530.597 	
1989.00 	83.9000 	-716.360 	531.680 	86.6715 	-707.600 	530.597 	
1993.00 	83.9400 	-716.250 	531.660 	86.6715 	-707.600 	530.597 	
1997.00 	83.9700 	-716.130 	531.630 	86.5965 	-707.522 	530.537 	
2001.00 	84.0100 	-716.010 	531.610 	86.5965 	-707.522 	530.537 	
2005.00 	84.0500 	-715.880 	531.600 	86.5965 	-707.522 	530.537 	
2010.00 	84.0800 	-715.740 	531.590 	86.5965 	-707.522 	530.537 	
2014.00 	84.1200 	-715.600 	531.580 	86.5965 	-707.522 	530.537 	
2018.00 	84.1700 	-715.450 	531.550 	86.5965 	-707.522 	530.537 	
2022.00 	84.2100 	-715.300 	531.530 	86.8290 	-707.656 	530.692 	
2026.00 	84.2600 	-715.140 	531.510 	86.8290 	-707.656 	530.692 	
2030.00 	84.3000 	-714.990 	531.490 	86.8290 	-707.656 	530.692 	
2034.00 	84.3400 	-714.830 	531.470 	86.8290 	-707.656 	530.692 	
2038.00 	84.3900 	-714.670 	531.460 	86.8290 	-707.656 	530.692 	
2042.00 	84.4300 	-714.500 	531.440 	86.8290 	-707.656 	530.692 	
2047.00 	84.4800 	-714.340 	531.430 	86.8565 	-706.933 	530.497 	
2050.00 	84.5300 	-714.190 	531.400 	86.8565 	-706.933 	530.497 	
2054.00 	84.5800 	-714.030 	531.380 	86.8565 	-706.933 	530.497 	
2058.00 	84.6300 	-713.860 	531.350 	86.8565 	-706.933 	530.497 	
2062.00 	84.6800 	-713.700 	531.320 	86.8565 	-706.933 	530.497 	
2066.00 	84.7200 	-713.540 	531.300 	86.8565 	-706.933 	530.497 	
2070.00 	84.7600 	-713.380 	531.280 	86.7065 	-707.608 	530.617 	
2074.00 	84.8100 	-713.220 	531.270 	86.7065 	-707.608 	530.617 	
2078.00 	84.8600 	-713.070 	531.250 	86.7065 	-707.608 	530.617 	
2082.00 	84.9000 	-712.920 	531.230 	86.7065 	-707.608 	530.617 	
2086.00 	84.9400 	-712.760 	531.210 	86.7065 	-707.608 	530.617 	
2090.00 	84.9900 	-712.610 	531.200 	86.7065 	-707.608 	530.617 	
2095.00 	85.0400 	-712.460 	531.180 	86.5090 	-707.344 	530.442 	
2098.00 	85.0900 	-712.310 	531.170 	86.5090 	-707.344 	530.442 	
2102.00 	85.1400 	-712.170 	531.150 	86.5090 	-707.344 	530.442 	
2106.00 	85.1900 	-712.030 	531.140 	86.5090 	-707.344 	530.442 	
2110.00 	85.2400 	-711.880 	531.130 	86.5090 	-707.344 	530.442 	
2114.00 	85.2900 	-711.750 	531.110 	86.5090 	-707.344 	530.442 	
2119.00 	85.3300 	-711.610 	531.090 	87.0290 	-707.067 	530.622 	
2122.00 	85.3800 	-711.480 	531.070 	87.0290 	-707.067 	530.622 	
2127.00 	85.4200 	-711.360 	531.050 	87.0290 	-707.067 	530.622 	
2131.00 	85.4700 	-711.230 	531.040 	87.0290 	-707.067 	530.622 	
2135.00 	85.5100 	-711.110 	531.020 	87.0290 	-707.067 	530.622 	
2138.00 	85.5400 	-710.990 	531.010 	87.0290 	-707.067 	530.622 	
2143.00 	85.5800 	-710.870 	531.000 	86.6940 	-707.717 	530.642 	
2147.00 	85.6100 	-710.760 	530.980 	86.6940 	-707.717 	530.642 	
2151.00 	85.6400 	-710.650 	530.970 	86.6940 	-707.717 	530.642 	
2155.00 	85.6700 	-710.540 	530.960 	86.6940 	-707.717 	530.642 	
2159.00 	85.7000 	-710.440 	530.950 	86.6940 	-707.717 	530.642 	
2163.00 	85.7300 	-710.330 	530.940 	86.6940 	-707.717 	530.642 	
2167.00 	85.7600 	-710.230 	530.920 	86.5015 	-708.033 	530.637 	
2171.00 	85.7900 	-710.140 	530.910 	86.5015 	-708.033 	530.637 	
2175.00 	85.8200 	-710.040 	530.900 	86.5015 	-708.033 	530.637 	
2179.00 	85.8500 	-709.950 	530.880 	86.5015 	-708.033 	530.637 	
2183.00 	85.8700 	-709.860 	530.870 	86.5015 	-708.033 	530.637 	
2187.00 	85.9000 	-709.770 	530.860 	86.8365 	-708.076 	530.817 	
2192.00 	85.9300 	-709.680 	530.850 	86.8365 	-708.076 	530.817 	
2195.00 	85.9600 	-709.600 	530.840 	86.8365 	-708.076 	530.817 	
2199.00 	85.9800 	-709.520 	530.840 	86.8365 	-708.076 	530.817 	
2203.00 	86.0100 	-709.450 	530.830 	86.8365 	-708.076 	530.817 	
2207.00 	86.0300 	-709.380 	530.820 	86.8365 	-708.076 	530.817 	
2211.00 	86.0500 	-709.310 	530.810 	86.7165 	-707.660 	530.637 	
2215.00 	86.0700 	-709.250 	530.800 	86.7165 	-707.660 	530.637 	
2219.00 	86.0900 	-709.180 	530.790 	86.7165 	-707.660 	530.637 	
2223.00 	86.1100 	-709.120 	530.780 	86.7165 	-707.660 	530.637 	
2227.00 	86.1300 	-709.070 	530.780 	86.7165 	-707.660 	530.637 	
2231.00 	86.1400 	-709.020 	530.770 	86.7165 	-707.660 	530.637 	
2235.00 	86.1600 	-708.970 	530.760 	86.6415 	-707.582 	530.577 	
2239.00 	86.1800 	-708.920 	530.760 	86.6415 	-707.582 	530.577 	
2243.00 	86.1900 	-708.880 	530.760 	86.6415 	-707.582 	530.577 	
2247.00 	86.2100 	-708.840 	530.750 	86.6415 	-707.582 	530.577 	
2252.00 	86.2300 	-708.800 	530.750 	86.6415 	-707.582 	530.577 	
2256.00 	86.2500 	-708.760 	530.750 	86.6415 	-707.582 	530.577 	
2259.00 	86.2600 	-708.720 	530.750 	86.6765 	-707.556 	530.587 	
2263.00 	86.2800 	-708.680 	530.750 	86.6765 	-707.556 	530.587 	
2267.00 	86.3000 	-708.650 	530.750 	86.6765 	-707.556 	530.587 	
2271.00 	86.3100 	-708.610 	530.750 	86.6765 	-707.556 	530.587 	
2276.00 	86.3300 	-708.580 	530.750 	86.6765 	-707.556 	530.587 	
2280.00 	86.3500 	-708.540 	530.740 	86.6765 	-707.556 	530.587 	
2284.00 	86.3600 	-708.510 	530.740 	87.0090 	-707.933 	530.862 	
2288.00 	86.3700 	-708.480 	530.730 	87.0090 	-707.933 	530.862 	
2292.00 	86.3900 	-708.450 	530.720 	87.0090 	-707.933 	530.862 	
2296.00 	86.4000 	-708.420 	530.720 	87.0090 	-707.933 	530.862 	
2300.00 	86.4100 	-708.390 	530.710 	87.0090 	-707.933 	530.862 	
2304.00 	86.4200 	-708.360 	530.700 	87.0090 	-707.933 	530.862 	
2308.00 	86.4300 	-708.340 	530.700 	86.6390 	-707.569 	530.572 	
2312.00 	86.4500 	-708.310 	530.690 	86.6390 	-707.569 	530.572 	
2316.00 	86.4600 	-708.290 	530.690 	86.6390 	-707.569 	530.572 	
2320.00 	86.4700 	-708.260 	530.690 	86.6390 	-707.569 	530.572 	
2324.00 	86.4800 	-708.240 	530.690 	86.6390 	-707.569 	530.572 	
2328.00 	86.4900 	-708.220 	530.690 	86.6390 	-707.569 	530.572 	
2332.00 	86.5000 	-708.200 	530.690 	86.6090 	-707.656 	530.582 	
2336.00 	86.5100 	-708.180 	530.690 	86.6090 	-707.656 	530.582 	
2340.00 	86.5200 	-708.160 	530.690 	86.6090 	-707.656 	530.582 	
2344.00 	86.5300 	-708.140 	530.690 	86.6090 	-707.656 	530.582 	
2348.00 	86.5400 	-708.120 	530.690 	86.6090 	-707.656 	530.582 	
2352.00 	86.5500 	-708.110 	530.700 	86.6090 	-707.656 	530.582 	
2356.00 	86.5500 	-708.090 	530.700 	86.8240 	-706.903 	530.472 	
2360.00 	86.5600 	-708.070 	530.700 	86.8240 	-706.903 	530.472 	
2364.00 	86.5700 	-708.060 	530.690 	86.8240 	-706.903 	530.472 	
2368.00 	86.5800 	-708.050 	530.690 	86.8240 	-706.903 	530.472 	
2373.00 	86.5800 	-708.030 	530.690 	86.8240 	-706.903 	530.472 	
2376.00 	86.5900 	-708.020 	530.690 	86.8240 	-706.903 	530.472 	
2380.00 	86.6000 	-708.000 	530.690 	86.5740 	-707.543 	530.532 	
2384.00 	86.6000 	-707.990 	530.690 	86.5740 	-707.543 	530.532 	
2389.00 	86.6100 	-707.980 	530.690 	86.5740 	-707.543 	530.532 	
2392.00 	86.6100 	-707.960 	530.690 	86.5740 	-707.543 	530.532 	
2397.00 	86.6200 	-707.950 	530.690 	86.5740 	-707.543 	530.532 	
2401.00 	86.6300 	-707.930 	530.680 	86.5740 	-707.543 	530.532 	
2404.00 	86.6300 	-707.920 	530.680 	86.7465 	-707.608 	530.637 	
2409.00 	86.6400 	-707.900 	530.680 	86.7465 	-707.608 	530.637 	
2413.00 	86.6500 	-707.890 	530.680 	86.7465 	-707.608 	530.637 	
2417.00 	86.6500 	-707.870 	530.670 	86.7465 	-707.608 	530.637 	
2421.00 	86.6500 	-707.860 	530.670 	86.7465 	-707.608 	530.637 	
2425.00 	86.6600 	-707.840 	530.660 	86.7465 	-707.608 	530.637 	
2430.00 	86.6600 	-707.830 	530.660 	86.5190 	-707.569 	530.512 	
2433.00 	86.6700 	-707.810 	530.660 	86.5190 	-707.569 	530.512 	
2437.00 	86.6700 	-707.800 	530.650 	86.5190 	-707.569 	530.512 	
2441.00 	86.6700 	-707.790 	530.650 	86.5190 	-707.569 	530.512 	
2445.00 	86.6800 	-707.770 	530.650 	86.5190 	-707.569 	530.512 	
2449.00 	86.6800 	-707.760 	530.640 	86.4065 	-707.470 	530.427 	
2454.00 	86.6800 	-707.750 	530.640 	86.4065 	-707.470 	530.427 	
2457.00 	86.6800 	-707.740 	530.640 	86.4065 	-707.470 	530.427 	
2461.00 	86.6800 	-707.730 	530.640 	86.4065 	-707.470 	530.427 	
2465.00 	86.6800 	-707.720 	530.630 	86.4065 	-707.470 	530.427 	
2469.00 	86.6800 	-707.710 	530.630 	86.4065 	-707.470 	530.427 	
2473.00 	86.6800 	-707.700 	530.630 	86.7440 	-707.769 	530.682 	
2477.00 	86.6800 	-707.700 	530.630 	86.7440 	-707.769 	530.682 	
2481.00 	86.6800 	-707.690 	530.630 	86.7440 	-707.769 	530.682 	
2485.00 	86.6900 	-707.680 	530.620 	86.7440 	-707.769 	530.682 	
2489.00 	86.6800 	-707.670 	530.620 	86.7440 	-707.769 	530.682 	
2493.00 	86.6800 	-707.670 	530.620 	86.7440 	-707.769 	530.682 	
2497.00 	86.6800 	-707.660 	530.620 	86.5290 	-707.552 	530.512 	
2501.00 	86.6700 	-707.660 	530.610 	86.5290 	-707.552 	530.512 	
2505.00 	86.6700 	-707.650 	530.610 	86.5290 	-707.552 	530.512 	
2509.00 	86.6700 	-707.640 	530.610 	86.5290 	-707.552 	530.512 	
2513.00 	86.6700 	-707.640 	530.600 	86.5290 	-707.552 	530.512 	
2518.00 	86.6600 	-707.640 	530.600 	86.5290 	-707.552 	530.512 	
2521.00 	86.6600 	-707.630 	530.600 	86.7315 	-707.634 	530.637 	
2525.00 	86.6600 	-707.630 	530.590 	86.7315 	-707.634 	530.637 	
2529.00 	86.6600 	-707.620 	530.590 	86.7315 	-707.634 	530.637 	
2534.00 	86.6600 	-707.620 	530.590 	86.7315 	-707.634 	530.637 	
2538.00 	86.6600 	-707.620 	530.590 	86.7315 	-707.634 	530.637 	
2542.00 	86.6500 	-707.620 	530.590 	86.7315 	-707.634 	530.637 	
2546.00 	86.6500 	-707.610 	530.590 	86.5715 	-707.427 	530.497 	
2550.00 	86.6500 	-707.610 	530.590 	86.5715 	-707.427 	530.497 	
2555.00 	86.6500 	-707.610 	530.590 	86.5715 	-707.427 	530.497 	
2558.00 	86.6500 	-707.610 	530.580 	86.5715 	-707.427 	530.497 	
2562.00 	86.6500 	-707.610 	530.580 	86.5715 	-707.427 	530.497 	
2567.00 	86.6500 	-707.610 	530.580 	86.5715 	-707.427 	530.497 	
2570.00 	86.6400 	-707.600 	530.580 	86.7515 	-707.704 	530.667 	
2574.00 	86.6400 	-707.600 	530.580 	86.7515 	-707.704 	530.667 	
2579.00 	86.6400 	-707.600 	530.580 	86.7515 	-707.704 	530.667 	
2582.00 	86.6400 	-707.600 	530.580 	86.7515 	-707.704 	530.667 	
2586.00 	86.6400 	-707.600 	530.580 	86.7515 	-707.704 	530.667 	
2590.00 	86.6500 	-707.600 	530.580 	86.7515 	-707.704 	530.667 	
2594.00 	86.6500 	-707.590 	530.580 	86.5190 	-707.465 	530.482 	
2599.00 	86.6500 	-707.590 	530.580 	86.5190 	-707.465 	530.482 	
2602.00 	86.6500 	-707.590 	530.570 	86.5190 	-707.465 	530.482 	
2606.00 	86.6500 	-707.590 	530.570 	86.5190 	-707.465 	530.482 	
2610.00 	86.6500 	-707.590 	530.570 	86.5190 	-707.465 	530.482 	
2615.00 	86.6500 	-707.590 	530.570 	86.5190 	-707.465 	530.482 	
2618.00 	86.6500 	-707.590 	530.570 	86.3365 	-707.245 	530.327 	
2622.00 	86.6500 	-707.580 	530.570 	86.3365 	-707.245 	530.327 	
2627.00 	86.6400 	-707.580 	530.570 	86.3365 	-707.245 	530.327 	
2630.00 	86.6400 	-707.580 	530.570 	86.3365 	-707.245 	530.327 	
2635.00 	86.6400 	-707.580 	530.560 	86.3365 	-707.245 	530.327 	
2639.00 	86.6400 	-707.580 	530.570 	86.3365 	-707.245 	530.327 	
2644.00 	86.6400 	-707.580 	530.570 	86.7215 	-707.652 	530.637 	
2647.00 	86.6400 	-707.580 	530.570 	86.7215 	-707.652 	530.637 	
2652.00 	86.6400 	-707.580 	530.570 	86.7215 	-707.652 	530.637 	
2655.00 	86.6400 	-707.580 	530.570 	86.7215 	-707.652 	530.637 	
2659.00 	86.6300 	-707.580 	530.570 	86.7215 	-707.652 	530.637 	
2663.00 	86.6300 	-707.580 	530.570 	86.7215 	-707.652 	530.637 	
2668.00 	86.6300 	-707.580 	530.570 	86.7415 	-707.548 	530.617 	
2671.00 	86.6300 	-707.570 	530.560 	86.7415 	-707.548 	530.617 	
2675.00 	86.6300 	-707.570 	530.560 	86.7415 	-707.548 	530.617 	
2679.00 	86.6300 	-707.570 	530.560 	86.7415 	-707.548 	530.617 	
2684.00 	86.6300 	-707.570 	530.550 	86.7415 	-707.548 	530.617 	
2687.00 	86.6200 	-707.560 	530.550 	86.7415 	-707.548 	530.617 	
2692.00 	86.6200 	-707.560 	530.550 	86.7415 	-707.513 	530.607 	
2695.00 	86.6200 	-707.560 	530.550 	86.7415 	-707.513 	530.607 	
2699.00 	86.6200 	-707.560 	530.550 	86.7415 	-707.513 	530.607 	
2703.00 	86.6200 	-707.560 	530.540 	86.7415 	-707.513 	530.607 	
2707.00 	86.6200 	-707.550 	530.540 	86.7415 	-707.513 	530.607 	
2711.00 	86.6200 	-707.550 	530.540 	86.7415 	-707.513 	530.607 	
2716.00 	86.6200 	-707.550 	530.540 	86.4715 	-707.461 	530.457 	
2719.00 	86.6200 	-707.550 	530.540 	86.4715 	-707.461 	530.457 	
2723.00 	86.6200 	-707.550 	530.540 	86.4715 	-707.461 	530.457 	
2727.00 	86.6200 	-707.540 	530.540 	86.4715 	-707.461 	530.457 	
2731.00 	86.6200 	-707.540 	530.540 	86.4715 	-707.461 	530.457 	
2735.00 	86.6200 	-707.540 	530.540 	86.7940 	-707.682 	530.682 	
2739.00 	86.6200 	-707.540 	530.550 	86.7940 	-707.682 	530.682 	
2743.00 	86.6200 	-707.540 	530.550 	86.7940 	-707.682 	530.682 	
2751.00 	86.6200 	-707.540 	530.550 	86.7940 	-707.682 	530.682 	
2751.00 	86.6200 	-707.540 	530.550 	86.7940 	-707.682 	530.682 	
2755.00 	86.6200 	-707.540 	530.550 	86.7940 	-707.682 	530.682 	
2760.00 	86.6200 	-707.540 	530.550 	87.0590 	-707.084 	530.642 	
2764.00 	86.6300 	-707.540 	530.550 	87.0590 	-707.084 	530.642 	
2767.00 	86.6300 	-707.540 	530.550 	87.0590 	-707.084 	530.642 	
2771.00 	86.6300 	-707.530 	530.550 	87.0590 	-707.084 	530.642 	
2775.00 	86.6300 	-707.530 	530.550 	87.0590 	-707.084 	530.642 	
2780.00 	86.6300 	-707.540 	530.550 	87.0590 	-707.084 	530.642 	
2784.00 	86.6300 	-707.540 	530.560 	86.6815 	-707.686 	530.627 	
2788.00 	86.6300 	-707.540 	530.570 	86.6815 	-707.686 	530.627 	
2793.00 	86.6300 	-707.540 	530.590 	86.6815 	-707.686 	530.627 	
2796.00 	86.6300 	-707.540 	530.600 	86.6815 	-707.686 	530.627 	
2800.00 	86.6300 	-707.550 	530.610 	86.6815 	-707.686 	530.627 	
2804.00 	86.6300 	-707.550 	530.610 	86.6815 	-707.686 	530.627 	
2808.00 	86.6300 	-707.540 	530.610 	86.6815 	-707.686 	530.627 	
2812.00 	86.6300 	-707.540 	530.590 	86.6815 	-707.686 	530.627 	
2816.00 	86.6300 	-707.530 	530.580 	86.6815 	-707.686 	530.627 	
2820.00 	86.6300 	-707.530 	530.580 	86.6815 	-707.686 	530.627 	
2824.00 	86.6300 	-707.530 	530.580 	86.6815 	-707.686 	530.627 	
2828.00 	86.6300 	-707.530 	530.580 	86.6815 	-707.686 	530.627 	
2833.00 	86.6300 	-707.530 	530.580 	86.6965 	-707.660 	530.627 	
2836.00 	86.6300 	-707.530 	530.580 	86.6965 	-707.660 	530.627 	
2840.00 	86.6300 	-707.530 	530.580 	86.6965 	-707.660 	530.627 	
2844.00 	86.6300 	-707.530 	530.580 	86.6965 	-707.660 	530.627 	
2848.00 	86.6400 	-707.530 	530.590 	86.6965 	-707.660 	530.627 	
2852.00 	86.6400 	-707.540 	530.610 	86.6965 	-707.660 	530.627 	
2856.00 	86.6400 	-707.540 	530.620 	86.6840 	-707.665 	530.622 	
2860.00 	86.6500 	-707.540 	530.630 	86.6840 	-707.665 	530.622 	
2864.00 	86.6500 	-707.540 	530.630 	86.6840 	-707.665 	530.622 	
2868.00 	86.6500 	-707.540 	530.630 	86.6840 	-707.665 	530.622 	
2872.00 	86.6500 	-707.540 	530.630 	86.6840 	-707.665 	530.622 	
2876.00 	86.6500 	-707.540 	530.620 	86.6840 	-707.665 	530.622 	
2882.00 	86.6600 	-707.540 	530.630 	86.4665 	-707.782 	530.547 	
2885.00 	86.6600 	-707.540 	530.630 	86.4665 	-707.782 	530.547 	
2888.00 	86.6600 	-707.540 	530.640 	86.4665 	-707.782 	530.547 	
2892.00 	86.6600 	-707.540 	530.640 	86.4665 	-707.782 	530.547 	
2896.00 	86.6700 	-707.540 	530.640 	86.4665 	-707.782 	530.547 	
2901.00 	86.6700 	-707.540 	530.640 	86.4665 	-707.782 	530.547 	
2906.00 	86.6700 	-707.540 	530.640 	86.4640 	-707.353 	530.422 	
2909.00 	86.6700 	-707.550 	530.650 	86.4640 	-707.353 	530.422 	
2913.00 	86.6700 	-707.550 	530.650 	86.4640 	-707.353 	530.422 	
2918.00 	86.6700 	-707.550 	530.660 	86.4640 	-707.353 	530.422 	
2921.00 	86.6700 	-707.550 	530.660 	86.4640 	-707.353 	530.422 	
2925.00 	86.6700 	-707.550 	530.660 	86.7090 	-707.656 	530.632 	
2930.00 	86.6700 	-707.550 	530.660 	86.7090 	-707.656 	530.632 	
2933.00 	86.6600 	-707.560 	530.660 	86.7090 	-707.656 	530.632 	
2937.00 	86.6600 	-707.560 	530.660 	86.7090 	-707.656 	530.632 	
2942.00 	86.6600 	-707.560 	530.660 	86.7090 	-707.656 	530.632 	
2945.00 	86.6700 	-707.560 	530.660 	86.7090 	-707.656 	530.632 	
2949.00 	86.6700 	-707.560 	530.660 	86.4440 	-707.422 	530.432 	
2953.00 	86.6700 	-707.570 	530.660 	86.4440 	-707.422 	530.432 	
2957.00 	86.6700 	-707.570 	530.660 	86.4440 	-707.422 	530.432 	
2961.00 	86.6800 	-707.570 	530.660 	86.4440 	-707.422 	530.432 	
2965.00 	86.6800 	-707.570 	530.640 	86.4440 	-707.422 	530.432 	
2969.00 	86.6700 	-707.570 	530.620 	86.4440 	-707.422 	530.432 	
2973.00 	86.6700 	-707.560 	530.610 	86.7415 	-707.652 	530.647 	
2977.00 	86.6700 	-707.560 	530.590 	86.7415 	-707.652 	530.647 	
2982.00 	86.6700 	-707.560 	530.590 	86.7415 	-707.652 	530.647 	
2985.00 	86.6700 	-707.560 	530.590 	86.7415 	-707.652 	530.647 	
2989.00 	86.6700 	-707.570 	530.580 	86.7415 	-707.652 	530.647 	
2994.00 	86.6700 	-707.570 	530.580 	86.7415 	-707.652 	530.647 	
2998.00 	86.6700 	-707.560 	530.580 	86.7040 	-707.630 	530.622 	
3002.00 	86.6700 	-707.560 	530.570 	86.7040 	-707.630 	530.622 	
3005.00 	86.6700 	-707.560 	530.570 	86.7040 	-707.630 	530.622 	
3009.00 	86.6700 	-707.560 	530.570 	86.7040 	-707.630 	530.622 	
3013.00 	86.6700 	-707.560 	530.570 	86.7040 	-707.630 	530.622 	
3018.00 	86.6700 	-707.560 	530.570 	86.7040 	-707.630 	530.622 	
3022.00 	86.6600 	-707.560 	530.570 	86.4915 	-707.427 	530.457 	
3026.00 	86.6600 	-707.560 	530.560 	86.4915 	-707.427 	530.457 	
3029.00 	86.6600 	-707.560 	530.560 	86.4915 	-707.427 	530.457 	
3034.00 	86.6600 	-707.560 	530.550 	86.4915 	-707.427 	530.457 	
3038.00 	86.6600 	-707.560 	530.550 	86.4915 	-707.427 	530.457 	
3042.00 	86.6600 	-707.560 	530.560 	86.4915 	-707.427 	530.457 	
3046.00 	86.6600 	-707.560 	530.570 	86.7465 	-707.712 	530.667 	
3050.00 	86.6600 	-707.570 	530.580 	86.7465 	-707.712 	530.667 	
3054.00 	86.6600 	-707.570 	530.600 	86.7465 	-707.712 	530.667 	
3058.00 	86.6600 	-707.570 	530.600 	86.7465 	-707.712 	530.667 	
3062.00 	86.6600 	-707.570 	530.610 	86.7465 	-707.712 	530.667 	
3066.00 	86.6600 	-707.570 	530.610 	86.7465 	-707.712 	530.667 	
3070.00 	86.6600 	-707.570 	530.600 	86.4490 	-707.240 	530.382 	
3074.00 	86.6600 	-707.570 	530.580 	86.4490 	-707.240 	530.382 	
3078.00 	86.6600 	-707.560 	530.570 	86.4490 	-707.240 	530.382 	
3082.00 	86.6600 	-707.560 	530.560 	86.4490 	-707.240 	530.382 	
3086.00 	86.6600 	-707.560 	530.560 	86.4490 	-707.240 	530.382 	
3090.00 	86.6600 	-707.560 	530.550 	86.4490 	-707.240 	530.382 	
3094.00 	86.6600 	-707.560 	530.560 	86.6865 	-707.608 	530.607 	
3098.00 	86.6600 	-707.560 	530.550 	86.6865 	-707.608 	530.607 	
3103.00 	86.6600 	-707.560 	530.560 	86.6865 	-707.608 	530.607 	
3106.00 	86.6600 	-707.560 	530.560 	86.6865 	-707.608 	530.607 	
3110.00 	86.6600 	-707.560 	530.550 	86.6865 	-707.608 	530.607 	
3115.00 	86.6600 	-707.550 	530.550 	86.6865 	-707.608 	530.607 	
3118.00 	86.6600 	-707.550 	530.550 	86.5265 	-707.643 	530.537 	
3123.00 	86.6600 	-707.560 	530.550 	86.5265 	-707.643 	530.537 	
3127.00 	86.6500 	-707.560 	530.550 	86.5265 	-707.643 	530.537 	
3130.00 	86.6500 	-707.560 	530.540 	86.5265 	-707.643 	530.537 	
3135.00 	86.6500 	-707.550 	530.540 	86.5265 	-707.643 	530.537 	
3138.00 	86.6500 	-707.550 	530.540 	86.5265 	-707.643 	530.537 	
3143.00 	86.6500 	-707.550 	530.530 	86.5215 	-707.340 	530.447 	
3147.00 	86.6500 	-707.550 	530.530 	86.5215 	-707.340 	530.447 	
3151.00 	86.6400 	-707.550 	530.530 	86.5215 	-707.340 	530.447 	
3154.00 	86.6400 	-707.550 	530.530 	86.5215 	-707.340 	530.447 	
3159.00 	86.6400 	-707.550 	530.520 	86.5215 	-707.340 	530.447 	
3163.00 	86.6400 	-707.550 	530.520 	86.6915 	-707.669 	530.627 	
3168.00 	86.6400 	-707.550 	530.520 	86.6915 	-707.669 	530.627 	
3171.00 	86.6400 	-707.550 	530.520 	86.6915 	-707.669 	530.627 	
3175.00 	86.6400 	-707.540 	530.510 	86.6915 	-707.669 	530.627 	
3179.00 	86.6400 	-707.540 	530.510 	86.6915 	-707.669 	530.627 	
3183.00 	86.6400 	-707.540 	530.510 	86.6915 	-707.669 	530.627 	
3187.00 	86.6400 	-707.540 	530.510 	86.7065 	-707.608 	530.617 	
3191.00 	86.6400 	-707.540 	530.510 	86.7065 	-707.608 	530.617 	
3195.00 	86.6300 	-707.540 	530.510 	86.7065 	-707.608 	530.617 	
3199.00 	86.6300 	-707.540 	530.510 	86.7065 	-707.608 	530.617 	
3203.00 	86.6300 	-707.540 	530.510 	86.7065 	-707.608 	530.617 	
3207.00 	86.6300 	-707.540 	530.510 	86.7065 	-707.608 	530.617 	
3211.00 	86.6300 	-707.540 	530.510 	86.7390 	-707.708 	530.662 	
3215.00 	86.6300 	-707.540 	530.510 	86.7390 	-707.708 	530.662 	
3219.00 	86.6300 	-707.540 	530.510 	86.7390 	-707.708 	530.662 	
3223.00 	86.6300 	-707.540 	530.520 	86.7390 	-707.708 	530.662 	
3227.00 	86.6200 	-707.550 	530.530 	86.7390 	-707.708 	530.662 	
3231.00 	86.6200 	-707.550 	530.550 	86.7390 	-707.708 	530.662 	
3235.00 	86.6200 	-707.550 	530.560 	86.7215 	-707.548 	530.607 	
3239.00 	86.6300 	-707.560 	530.560 	86.7215 	-707.548 	530.607 	
3244.00 	86.6300 	-707.560 	530.560 	86.7215 	-707.548 	530.607 	
3247.00 	86.6300 	-707.560 	530.560 	86.7215 	-707.548 	530.607 	
3251.00 	86.6300 	-707.560 	530.560 	86.7215 	-707.548 	530.607 	
3255.00 	86.6300 	-707.560 	530.570 	86.7215 	-707.548 	530.607 	
3259.00 	86.6300 	-707.560 	530.580 	86.9490 	-708.037 	530.862 	
3263.00 	86.6300 	-707.570 	530.590 	86.9490 	-708.037 	530.862 	
3269.00 	86.6300 	-707.570 	530.590 	86.9490 	-708.037 	530.862 	
3271.00 	86.6300 	-707.570 	530.590 	86.9490 	-708.037 	530.862 	
3275.00 	86.6300 	-707.570 	530.590 	86.9490 	-708.037 	530.862 	
3279.00 	86.6300 	-707.570 	530.590 	86.9490 	-708.037 	530.862 	
3284.00 	86.6300 	-707.580 	530.580 	86.5915 	-707.530 	530.537 	
3288.00 	86.6300 	-707.580 	530.590 	86.5915 	-707.530 	530.537 	
3293.00 	86.6300 	-707.580 	530.590 	86.5915 	-707.530 	530.537 	
3296.00 	86.6300 	-707.580 	530.600 	86.5915 	-707.530 	530.537 	
3301.00 	86.6400 	-707.580 	530.600 	86.5915 	-707.530 	530.537 	
3304.00 	86.6400 	-707.590 	530.600 	86.5915 	-707.530 	530.537 	
3308.00 	86.6400 	-707.590 	530.610 	86.7240 	-707.561 	530.612 	
3312.00 	86.6400 	-707.590 	530.610 	86.7240 	-707.561 	530.612 	
3316.00 	86.6400 	-707.600 	530.610 	86.7240 	-707.561 	530.612 	
3320.00 	86.6400 	-707.600 	530.610 	86.7240 	-707.561 	530.612 	
3324.00 	86.6400 	-707.600 	530.620 	86.7240 	-707.561 	530.612 	
3328.00 	86.6400 	-707.610 	530.620 	86.7240 	-707.561 	530.612 	
3333.00 	86.6400 	-707.610 	530.620 	86.6565 	-707.591 	530.587 	
3336.00 	86.6500 	-707.610 	530.630 	86.6565 	-707.591 	530.587 	
3341.00 	86.6500 	-707.620 	530.630 	86.6565 	-707.591 	530.587 	
3344.00 	86.6500 	-707.620 	530.630 	86.6565 	-707.591 	530.587 	
3348.00 	86.6500 	-707.620 	530.630 	86.6565 	-707.591 	530.587 	
3352.00 	86.6500 	-707.620 	530.630 	86.6565 	-707.591 	530.587 	
3357.00 	86.6500 	-707.620 	530.630 	86.7690 	-707.587 	530.642 	
3360.00 	86.6500 	-707.630 	530.630 	86.7690 	-707.587 	530.642 	
3366.00 	86.6500 	-707.630 	530.630 	86.7690 	-707.587 	530.642 	
3368.00 	86.6500 	-707.630 	530.630 	86.7690 	-707.587 	530.642 	
3372.00 	86.6500 	-707.630 	530.630 	86.7690 	-707.587 	530.642 	
3376.00 	86.6600 	-707.630 	530.630 	86.7690 	-707.587 	530.642 	
3381.00 	86.6600 	-707.630 	530.630 	86.6965 	-707.695 	530.637 	
3384.00 	86.6600 	-707.630 	530.630 	86.6965 	-707.695 	530.637 	
3389.00 	86.6600 	-707.640 	530.630 	86.6965 	-707.695 	530.637 	
3392.00 	86.6600 	-707.630 	530.620 	86.6965 	-707.695 	530.637 	
3396.00 	86.6600 	-707.630 	530.620 	86.6965 	-707.695 	530.637 	
3400.00 	86.6600 	-707.630 	530.610 	86.6965 	-707.695 	530.637 	
3405.00 	86.6600 	-707.630 	530.610 	84.7065 	-705.911 	529.127 	
3408.00 	86.6600 	-707.630 	530.600 	84.7065 	-705.911 	529.127 	
3413.00 	86.6600 	-707.630 	530.600 	84.7065 	-705.911 	529.127 	
3417.00 	86.6600 	-707.630 	530.600 	84.7065 	-705.911 	529.127 	
3421.00 	86.6600 	-707.630 	530.600 	84.7065 	-705.911 	529.127 	
3425.00 	86.6600 	-707.630 	530.600 	84.7065 	-705.911 	529.127 	
3430.00 	86.6600 	-707.630 	530.600 	76.5015 	-699.546 	523.187 	
3433.00 	86.6600 	-707.620 	530.580 	76.5015 	-699.546 	523.187 	
3437.00 	86.6500 	-707.620 	530.570 	76.5015 	-699.546 	523.187 	
3441.00 	86.6600 	-707.620 	530.560 	76.5015 	-699.546 	523.187 	
3445.00 	86.6700 	-707.610 	530.550 	76.5015 	-699.546 	523.187 	
3449.00 	86.6700 	-707.600 	530.540 	76.5015 	-699.546 	523.187 	
3453.00 	86.6600 	-707.590 	530.520 	61.1215 	-689.430 	512.577 	
3457.00 	86.6500 	-707.580 	530.510 	61.1215 	-689.430 	512.577 	
3461.00 	86.6400 	-707.560 	530.480 	61.1215 	-689.430 	512.577 	
3465.00 	86.6100 	-707.530 	530.440 	61.1215 	-689.430 	512.577 	
3470.00 	86.5800 	-707.500 	530.400 	61.1215 	-689.430 	512.577 	
3473.00 	86.5300 	-707.450 	530.350 	61.1215 	-689.430 	512.577 	
3477.00 	86.4900 	-707.390 	530.290 	44.1840 	-676.107 	500.262 	
3481.00 	86.4100 	-707.320 	530.230 	44.1840 	-676.107 	500.262 	
3486.00 	86.3200 	-707.240 	530.170 	44.1840 	-676.107 	500.262 	
3489.00 	86.2100 	-707.140 	530.090 	44.1840 	-676.107 	500.262 	
3493.00 	86.0600 	-707.030 	530.000 	44.1840 	-676.107 	500.262 	
3497.00 	85.8800 	-706.890 	529.890 	44.1840 	-676.107 	500.262 	
3502.00 	85.6700 	-706.730 	529.750 	27.7840 	-663.186 	488.332 	
3505.00 	85.4200 	-706.550 	529.590 	27.7840 	-663.186 	488.332 	
3511.00 	85.1400 	-706.340 	529.420 	27.7840 	-663.186 	488.332 	
3513.00 	84.8300 	-706.110 	529.210 	27.7840 	-663.186 	488.332 	
3518.00 	84.4600 	-705.840 	528.980 	27.7840 	-663.186 	488.332 	
3522.00 	84.0600 	-705.550 	528.740 	27.7840 	-663.186 	488.332 	
3525.00 	83.6200 	-705.230 	528.420 	11.4565 	-650.814 	476.597 	
3529.00 	83.1200 	-704.870 	528.100 	11.4565 	-650.814 	476.597 	
3535.00 	82.5900 	-704.480 	527.750 	11.4565 	-650.814 	476.597 	
3538.00 	82.0200 	-704.050 	527.310 	11.4565 	-650.814 	476.597 	
3542.00 	81.3900 	-703.580 	526.880 	11.4565 	-650.814 	476.597 	
3546.00 	80.7200 	-703.080 	526.450 	11.4565 	-650.814 	476.597 	
3551.00 	80.0400 	-702.550 	525.920 	-4.42101 	-639.396 	465.362 	
3554.00 	79.2900 	-701.960 	525.380 	-4.42101 	-639.396 	465.362 	
3558.00 	78.4800 	-701.350 	524.830 	-4.42101 	-639.396 	465.362 	
3562.00 	77.6600 	-700.710 	524.230 	-4.42101 	-639.396 	465.362 	
3567.00 	76.7600 	-700.010 	523.580 	-4.42101 	-639.396 	465.362 	
3570.00 	75.8100 	-699.260 	522.910 	-21.3560 	-626.501 	453.172 	
3574.00 	74.8400 	-698.500 	522.180 	-21.3560 	-626.501 	453.172 	
3578.00 	73.7900 	-697.700 	521.450 	-21.3560 	-626.501 	453.172 	
3583.00 	72.7300 	-696.850 	520.670 	-21.3560 	-626.501 	453.172 	
3586.00 	71.6300 	-695.970 	519.840 	-21.3560 	-626.501 	453.172 	
3590.00 	70.4600 	-695.050 	519.030 	-21.3560 	-626.501 	453.172 	
3594.00 	69.2400 	-694.110 	518.170 	-21.3560 	-626.501 	453.172 	
3598.00 	67.9900 	-693.120 	517.270 	-37.6810 	-613.069 	441.132 	
3602.00 	66.6900 	-692.080 	516.330 	-37.6810 	-613.069 	441.132 	
3606.00 	65.3700 	-691.020 	515.350 	-37.6810 	-613.069 	441.132 	
3611.00 	63.9900 	-689.920 	514.350 	-37.6810 	-613.069 	441.132 	
3614.00 	62.5700 	-688.780 	513.320 	-37.6810 	-613.069 	441.132 	
3618.00 	61.1300 	-687.600 	512.220 	-53.3835 	-601.243 	429.867 	
3622.00 	59.6600 	-686.400 	511.130 	-53.3835 	-601.243 	429.867 	
3626.00 	58.1400 	-685.170 	510.020 	-53.3835 	-601.243 	429.867 	
3632.00 	56.5700 	-683.910 	508.890 	-53.3835 	-601.243 	429.867 	
3635.00 	54.9800 	-682.610 	507.720 	-53.3835 	-601.243 	429.867 	
3639.00 	53.3400 	-681.260 	506.500 	-53.3835 	-601.243 	429.867 	
3642.00 	51.6800 	-679.890 	505.270 	-70.7310 	-587.105 	417.112 	
3646.00 	49.9700 	-678.500 	504.010 	-70.7310 	-587.105 	417.112 	
3650.00 	48.2300 	-677.080 	502.720 	-70.7310 	-587.105 	417.112 	
3655.00 	46.4800 	-675.630 	501.410 	-70.7310 	-587.105 	417.112 	
3659.00 	44.6900 	-674.140 	500.070 	-70.7310 	-587.105 	417.112 	
3662.00 	42.8700 	-672.640 	498.740 	-70.7310 	-587.105 	417.112 	
3667.00 	41.0300 	-671.110 	497.370 	-87.5785 	-574.734 	405.117 	
3671.00 	39.1600 	-669.540 	495.950 	-87.5785 	-574.734 	405.117 	
3675.00 	37.2500 	-667.950 	494.530 	-87.5785 	-574.734 	405.117 	
3679.00 	35.3400 	-666.340 	493.080 	-87.5785 	-574.734 	405.117 	
3684.00 	33.3800 	-664.690 	491.620 	-87.5785 	-574.734 	405.117 	
3687.00 	31.4000 	-663.020 	490.160 	-87.5785 	-574.734 	405.117 	
3691.00 	29.4100 	-661.330 	488.660 	-104.476 	-562.034 	393.002 	
3695.00 	27.3800 	-659.610 	487.140 	-104.476 	-562.034 	393.002 	
3699.00 	25.3200 	-657.880 	485.630 	-104.476 	-562.034 	393.002 	
3703.00 	23.2700 	-656.130 	484.070 	-104.476 	-562.034 	393.002 	
3707.00 	21.1800 	-654.340 	482.500 	-104.476 	-562.034 	393.002 	
3711.00 	19.0500 	-652.540 	480.900 	-104.476 	-562.034 	393.002 	
3715.00 	16.9100 	-650.720 	479.270 	-122.394 	-547.775 	379.927 	
3719.00 	14.7400 	-648.870 	477.630 	-122.394 	-547.775 	379.927 	
3723.00 	12.5700 	-647.010 	475.980 	-122.394 	-547.775 	379.927 	
3727.00 	10.4000 	-645.150 	474.330 	-122.394 	-547.775 	379.927 	
3731.00 	8.19000 	-643.270 	472.680 	-122.394 	-547.775 	379.927 	
3735.00 	5.98000 	-641.370 	471.010 	-122.394 	-547.775 	379.927 	
3739.00 	3.75000 	-639.460 	469.310 	-122.394 	-547.775 	379.927 	
3743.00 	1.48000 	-637.530 	467.620 	-139.466 	-534.442 	367.542 	
3747.00 	-0.810000 	-635.590 	465.940 	-139.466 	-534.442 	367.542 	
3751.00 	-3.09000 	-633.640 	464.220 	-139.466 	-534.442 	367.542 	
3755.00 	-5.39000 	-631.680 	462.520 	-139.466 	-534.442 	367.542 	
3759.00 	-7.71000 	-629.700 	460.800 	-139.466 	-534.442 	367.542 	
3763.00 	-10.0200 	-627.700 	459.030 	-139.466 	-534.442 	367.542 	
3768.00 	-12.3500 	-625.700 	457.260 	-157.801 	-521.409 	354.612 	
3771.00 	-14.7100 	-623.690 	455.520 	-157.801 	-521.409 	354.612 	
3777.00 	-17.0800 	-621.680 	453.740 	-157.801 	-521.409 	354.612 	
3780.00 	-19.4400 	-619.660 	451.960 	-157.801 	-521.409 	354.612 	
3784.00 	-21.8200 	-617.620 	450.190 	-157.801 	-521.409 	354.612 	
3788.00 	-24.2100 	-615.580 	448.390 	-157.801 	-521.409 	354.612 	
3792.00 	-26.6000 	-613.540 	446.590 	-175.124 	-508.024 	342.087 	
3795.00 	-29.0000 	-611.490 	444.810 	-175.124 	-508.024 	342.087 	
3800.00 	-31.4200 	-609.420 	442.990 	-175.124 	-508.024 	342.087 	
3804.00 	-33.8200 	-607.360 	441.180 	-175.124 	-508.024 	342.087 	
3808.00 	-36.2500 	-605.280 	439.360 	-175.124 	-508.024 	342.087 	
3812.00 	-38.7000 	-603.200 	437.540 	-175.124 	-508.024 	342.087 	
3816.00 	-41.1400 	-601.140 	435.740 	-193.451 	-493.540 	328.742 	
3820.00 	-43.6000 	-599.060 	433.930 	-193.451 	-493.540 	328.742 	
3824.00 	-46.0800 	-596.950 	432.090 	-193.451 	-493.540 	328.742 	
3828.00 	-48.5500 	-594.860 	430.250 	-193.451 	-493.540 	328.742 	
3832.00 	-51.0400 	-592.770 	428.420 	-193.451 	-493.540 	328.742 	
3836.00 	-53.5300 	-590.670 	426.580 	-193.451 	-493.540 	328.742 	
3840.00 	-56.0000 	-588.570 	424.730 	-211.901 	-479.597 	315.492 	
3844.00 	-58.5000 	-586.460 	422.880 	-211.901 	-479.597 	315.492 	
3848.00 	-61.0300 	-584.340 	421.030 	-211.901 	-479.597 	315.492 	
3852.00 	-63.5400 	-582.210 	419.150 	-211.901 	-479.597 	315.492 	
3856.00 	-66.0600 	-580.080 	417.270 	-211.901 	-479.597 	315.492 	
3860.00 	-68.6200 	-577.930 	415.400 	-211.901 	-479.597 	315.492 	
3864.00 	-71.1700 	-575.790 	413.520 	-229.924 	-465.381 	302.377 	
3868.00 	-73.7400 	-573.630 	411.620 	-229.924 	-465.381 	302.377 	
3872.00 	-76.2900 	-571.480 	409.750 	-229.924 	-465.381 	302.377 	
3876.00 	-78.8400 	-569.340 	407.860 	-229.924 	-465.381 	302.377 	
3880.00 	-81.4300 	-567.160 	405.950 	-229.924 	-465.381 	302.377 	
3884.00 	-84.0300 	-564.980 	404.040 	-229.924 	-465.381 	302.377 	
3888.00 	-86.6100 	-562.830 	402.150 	-249.401 	-449.979 	288.192 	
3892.00 	-89.2100 	-560.640 	400.230 	-249.401 	-449.979 	288.192 	
3897.00 	-91.8400 	-558.440 	398.310 	-249.401 	-449.979 	288.192 	
3900.00 	-94.4900 	-556.240 	396.380 	-249.401 	-449.979 	288.192 	
3904.00 	-97.1200 	-554.040 	394.430 	-249.401 	-449.979 	288.192 	
3909.00 	-99.7400 	-551.810 	392.490 	-249.401 	-449.979 	288.192 	
3912.00 	-102.380 	-549.600 	390.560 	-268.864 	-434.724 	274.057 	
3917.00 	-105.020 	-547.390 	388.610 	-268.864 	-434.724 	274.057 	
3921.00 	-107.700 	-545.160 	386.670 	-268.864 	-434.724 	274.057 	
3925.00 	-110.350 	-542.930 	384.730 	-268.864 	-434.724 	274.057 	
3930.00 	-113.020 	-540.680 	382.760 	-268.864 	-434.724 	274.057 	
3933.00 	-115.720 	-538.420 	380.790 	-268.864 	-434.724 	274.057 	
3938.00 	-118.430 	-536.170 	378.830 	-289.529 	-419.005 	259.187 	
3941.00 	-121.120 	-533.900 	376.850 	-289.529 	-419.005 	259.187 	
3945.00 	-123.820 	-531.630 	374.880 	-289.529 	-419.005 	259.187 	
3949.00 	-126.520 	-529.370 	372.910 	-289.529 	-419.005 	259.187 	
3953.00 	-129.250 	-527.080 	370.930 	-289.529 	-419.005 	259.187 	
3957.00 	-131.970 	-524.780 	368.940 	-289.529 	-419.005 	259.187 	
3961.00 	-134.710 	-522.490 	366.940 	-311.169 	-403.348 	243.847 	
3965.00 	-137.480 	-520.180 	364.940 	-311.169 	-403.348 	243.847 	
3969.00 	-140.250 	-517.850 	362.920 	-311.169 	-403.348 	243.847 	
3973.00 	-143.000 	-515.530 	360.880 	-311.169 	-403.348 	243.847 	
3977.00 	-145.770 	-513.190 	358.840 	-311.169 	-403.348 	243.847 	
3981.00 	-148.560 	-510.840 	356.810 	-311.169 	-403.348 	243.847 	
3986.00 	-151.340 	-508.500 	354.760 	-333.616 	-386.369 	227.722 	
3989.00 	-154.130 	-506.140 	352.680 	-333.616 	-386.369 	227.722 	
3993.00 	-156.970 	-503.770 	350.620 	-333.616 	-386.369 	227.722 	
3997.00 	-159.810 	-501.400 	348.560 	-333.616 	-386.369 	227.722 	
4001.00 	-162.620 	-498.990 	346.440 	-333.616 	-386.369 	227.722 	
4006.00 	-165.460 	-496.580 	344.320 	-333.616 	-386.369 	227.722 	
4009.00 	-168.330 	-494.180 	342.230 	-357.086 	-367.958 	210.672 	
4013.00 	-171.200 	-491.760 	340.110 	-357.086 	-367.958 	210.672 	
4019.00 	-174.100 	-489.330 	337.990 	-357.086 	-367.958 	210.672 	
4021.00 	-177.000 	-486.900 	335.870 	-357.086 	-367.958 	210.672 	
4025.00 	-179.880 	-484.450 	333.730 	-357.086 	-367.958 	210.672 	
4029.00 	-182.800 	-481.990 	331.580 	-357.086 	-367.958 	210.672 	
4034.00 	-185.740 	-479.540 	329.430 	-373.301 	-354.681 	198.732 	
4037.00 	-188.680 	-477.040 	327.240 	-373.301 	-354.681 	198.732 	
4042.00 	-191.630 	-474.550 	325.040 	-373.301 	-354.681 	198.732 	
4046.00 	-194.610 	-472.060 	322.860 	-373.301 	-354.681 	198.732 	
4050.00 	-197.590 	-469.530 	320.630 	-373.301 	-354.681 	198.732 	
4054.00 	-200.590 	-467.000 	318.410 	-373.301 	-354.681 	198.732 	
4059.00 	-203.600 	-464.460 	316.170 	-375.529 	-349.238 	196.047 	
4062.00 	-206.620 	-461.900 	313.910 	-375.529 	-349.238 	196.047 	
4066.00 	-209.660 	-459.350 	311.660 	-375.529 	-349.238 	196.047 	
4070.00 	-212.700 	-456.770 	309.390 	-375.529 	-349.238 	196.047 	
4074.00 	-215.730 	-454.190 	307.100 	-375.529 	-349.238 	196.047 	
4078.00 	-218.790 	-451.600 	304.830 	-375.529 	-349.238 	196.047 	
4082.00 	-221.860 	-449.000 	302.540 	-373.074 	-351.429 	197.907 	
4087.00 	-224.880 	-446.410 	300.250 	-373.074 	-351.429 	197.907 	
4090.00 	-227.920 	-443.820 	297.970 	-373.074 	-351.429 	197.907 	
4094.00 	-230.960 	-441.220 	295.670 	-373.074 	-351.429 	197.907 	
4098.00 	-234.000 	-438.650 	293.400 	-373.074 	-351.429 	197.907 	
4102.00 	-237.030 	-436.070 	291.110 	-373.074 	-351.429 	197.907 	
4106.00 	-239.990 	-433.520 	288.830 	-376.196 	-352.698 	196.712 	
4110.00 	-242.940 	-430.990 	286.560 	-376.196 	-352.698 	196.712 	
4114.00 	-245.910 	-428.470 	284.330 	-376.196 	-352.698 	196.712 	
4119.00 	-248.850 	-425.970 	282.100 	-376.196 	-352.698 	196.712 	
4122.00 	-251.760 	-423.490 	279.870 	-376.196 	-352.698 	196.712 	
4126.00 	-254.650 	-421.050 	277.680 	-376.196 	-352.698 	196.712 	
4130.00 	-257.490 	-418.660 	275.520 	-376.894 	-352.607 	196.337 	
4135.00 	-260.300 	-416.310 	273.390 	-376.894 	-352.607 	196.337 	
4138.00 	-263.090 	-413.990 	271.270 	-376.894 	-352.607 	196.337 	
4142.00 	-265.850 	-411.720 	269.180 	-376.894 	-352.607 	196.337 	
4146.00 	-268.540 	-409.510 	267.120 	-376.894 	-352.607 	196.337 	
4151.00 	-271.230 	-407.350 	265.120 	-376.894 	-352.607 	196.337 	
4154.00 	-273.870 	-405.240 	263.130 	-375.459 	-353.586 	197.337 	
4158.00 	-276.440 	-403.190 	261.180 	-375.459 	-353.586 	197.337 	
4162.00 	-279.020 	-401.180 	259.270 	-375.459 	-353.586 	197.337 	
4167.00 	-281.560 	-399.200 	257.370 	-375.459 	-353.586 	197.337 	
4171.00 	-284.030 	-397.310 	255.510 	-375.459 	-353.586 	197.337 	
4175.00 	-286.460 	-395.470 	253.700 	-375.459 	-353.586 	197.337 	
4178.00 	-288.870 	-393.670 	251.910 	-375.459 	-353.586 	197.337 	
4184.00 	-291.270 	-391.930 	250.170 	-376.846 	-352.819 	196.422 	
4187.00 	-293.600 	-390.240 	248.460 	-376.846 	-352.819 	196.422 	
4191.00 	-295.890 	-388.610 	246.800 	-376.846 	-352.819 	196.422 	
4195.00 	-298.160 	-387.010 	245.170 	-376.846 	-352.819 	196.422 	
4199.00 	-300.400 	-385.460 	243.560 	-376.846 	-352.819 	196.422 	
4203.00 	-302.590 	-383.970 	241.990 	-376.846 	-352.819 	196.422 	
4207.00 	-304.720 	-382.530 	240.450 	-376.454 	-352.884 	196.637 	
4211.00 	-306.810 	-381.150 	238.950 	-376.454 	-352.884 	196.637 	
4215.00 	-308.840 	-379.820 	237.490 	-376.454 	-352.884 	196.637 	
4219.00 	-310.820 	-378.540 	236.050 	-376.454 	-352.884 	196.637 	
4223.00 	-312.760 	-377.330 	234.670 	-376.454 	-352.884 	196.637 	
4227.00 	-314.660 	-376.140 	233.320 	-376.454 	-352.884 	196.637 	
4232.00 	-316.530 	-375.010 	232.000 	-375.474 	-353.543 	197.317 	
4236.00 	-318.340 	-373.910 	230.720 	-375.474 	-353.543 	197.317 	
4239.00 	-320.110 	-372.860 	229.470 	-375.474 	-353.543 	197.317 	
4243.00 	-321.840 	-371.860 	228.260 	-375.474 	-353.543 	197.317 	
4247.00 	-323.530 	-370.910 	227.090 	-375.474 	-353.543 	197.317 	
4251.00 	-325.180 	-369.990 	225.960 	-375.474 	-353.543 	197.317 	
4258.00 	-326.780 	-369.110 	224.850 	-376.256 	-352.767 	196.702 	
4259.00 	-328.350 	-368.270 	223.790 	-376.256 	-352.767 	196.702 	
4264.00 	-329.890 	-367.450 	222.750 	-376.256 	-352.767 	196.702 	
4268.00 	-331.390 	-366.680 	221.750 	-376.256 	-352.767 	196.702 	
4271.00 	-332.840 	-365.930 	220.780 	-376.256 	-352.767 	196.702 	
4275.00 	-334.250 	-365.230 	219.850 	-376.256 	-352.767 	196.702 	
4279.00 	-335.610 	-364.560 	218.940 	-373.961 	-351.148 	197.382 	
4284.00 	-336.960 	-363.910 	218.060 	-373.961 	-351.148 	197.382 	
4289.00 	-338.260 	-363.290 	217.230 	-373.961 	-351.148 	197.382 	
4292.00 	-339.510 	-362.710 	216.410 	-373.961 	-351.148 	197.382 	
4296.00 	-340.740 	-362.150 	215.630 	-373.961 	-351.148 	197.382 	
4300.00 	-341.950 	-361.620 	214.870 	-373.961 	-351.148 	197.382 	
4304.00 	-343.100 	-361.120 	214.140 	-373.709 	-350.728 	197.387 	
4309.00 	-344.210 	-360.650 	213.440 	-373.709 	-350.728 	197.387 	
4312.00 	-345.310 	-360.190 	212.770 	-373.709 	-350.728 	197.387 	
4317.00 	-346.360 	-359.770 	212.130 	-373.709 	-350.728 	197.387 	
4320.00 	-347.370 	-359.360 	211.490 	-373.709 	-350.728 	197.387 	
4325.00 	-348.370 	-358.960 	210.900 	-373.709 	-350.728 	197.387 	
4328.00 	-349.320 	-358.580 	210.310 	-376.024 	-352.001 	196.597 	
4332.00 	-350.240 	-358.230 	209.760 	-376.024 	-352.001 	196.597 	
4336.00 	-351.130 	-357.890 	209.220 	-376.024 	-352.001 	196.597 	
4340.00 	-351.980 	-357.560 	208.710 	-376.024 	-352.001 	196.597 	
4344.00 	-352.810 	-357.240 	208.220 	-376.024 	-352.001 	196.597 	
4348.00 	-353.610 	-356.940 	207.740 	-376.024 	-352.001 	196.597 	
4352.00 	-354.400 	-356.630 	207.280 	-375.519 	-353.413 	197.257 	
4357.00 	-355.160 	-356.350 	206.850 	-375.519 	-353.413 	197.257 	
4360.00 	-355.880 	-356.080 	206.440 	-375.519 	-353.413 	197.257 	
4364.00 	-356.570 	-355.830 	206.040 	-375.519 	-353.413 	197.257 	
4368.00 	-357.240 	-355.600 	205.650 	-375.519 	-353.413 	197.257 	
4373.00 	-357.890 	-355.370 	205.290 	-375.519 	-353.413 	197.257 	
4376.00 	-358.510 	-355.150 	204.920 	-375.834 	-353.543 	197.137 	
4380.00 	-359.110 	-354.950 	204.580 	-375.834 	-353.543 	197.137 	
4384.00 	-359.690 	-354.770 	204.260 	-375.834 	-353.543 	197.137 	
4388.00 	-360.250 	-354.600 	203.950 	-375.834 	-353.543 	197.137 	
4392.00 	-360.810 	-354.430 	203.650 	-375.834 	-353.543 	197.137 	
4396.00 	-361.340 	-354.270 	203.360 	-375.834 	-353.543 	197.137 	
4400.00 	-361.860 	-354.140 	203.090 	-375.706 	-353.755 	197.262 	
4404.00 	-362.370 	-354.010 	202.830 	-375.706 	-353.755 	197.262 	
4408.00 	-362.850 	-353.870 	202.560 	-375.706 	-353.755 	197.262 	
4412.00 	-363.320 	-353.750 	202.320 	-375.706 	-353.755 	197.262 	
4416.00 	-363.770 	-353.640 	202.080 	-375.706 	-353.755 	197.262 	
4420.00 	-364.220 	-353.530 	201.860 	-375.706 	-353.755 	197.262 	
4424.00 	-364.650 	-353.440 	201.650 	-375.001 	-354.404 	197.802 	
4429.00 	-365.050 	-353.360 	201.450 	-375.001 	-354.404 	197.802 	
4434.00 	-365.450 	-353.290 	201.260 	-375.001 	-354.404 	197.802 	
4437.00 	-365.830 	-353.220 	201.080 	-375.001 	-354.404 	197.802 	
4441.00 	-366.210 	-353.170 	200.910 	-375.001 	-354.404 	197.802 	
4446.00 	-366.570 	-353.110 	200.740 	-375.001 	-354.404 	197.802 	
4449.00 	-366.900 	-353.060 	200.570 	-374.901 	-354.508 	197.882 	
4453.00 	-367.220 	-353.030 	200.410 	-374.901 	-354.508 	197.882 	
4457.00 	-367.540 	-353.000 	200.280 	-374.901 	-354.508 	197.882 	
4461.00 	-367.840 	-352.980 	200.130 	-374.901 	-354.508 	197.882 	
4465.00 	-368.140 	-352.950 	199.990 	-374.901 	-354.508 	197.882 	
4469.00 	-368.430 	-352.930 	199.870 	-374.901 	-354.508 	197.882 	
4473.00 	-368.710 	-352.910 	199.760 	-374.981 	-353.538 	197.562 	
4477.00 	-368.980 	-352.890 	199.640 	-374.981 	-353.538 	197.562 	
4482.00 	-369.240 	-352.890 	199.530 	-374.981 	-353.538 	197.562 	
4486.00 	-369.480 	-352.880 	199.430 	-374.981 	-353.538 	197.562 	
4489.00 	-369.710 	-352.880 	199.330 	-374.981 	-353.538 	197.562 	
4494.00 	-369.930 	-352.890 	199.250 	-374.981 	-353.538 	197.562 	
4497.00 	-370.140 	-352.890 	199.160 	-375.801 	-353.677 	197.192 	
4501.00 	-370.350 	-352.900 	199.090 	-375.801 	-353.677 	197.192 	
4505.00 	-370.550 	-352.910 	199.010 	-375.801 	-353.677 	197.192 	
4509.00 	-370.740 	-352.920 	198.940 	-375.801 	-353.677 	197.192 	
4513.00 	-370.920 	-352.940 	198.870 	-375.801 	-353.677 	197.192 	
4518.00 	-371.090 	-352.950 	198.800 	-375.801 	-353.677 	197.192 	
4521.00 	-371.250 	-352.970 	198.740 	-376.396 	-352.664 	196.602 	
4525.00 	-371.410 	-352.990 	198.680 	-376.396 	-352.664 	196.602 	
4529.00 	-371.560 	-353.010 	198.630 	-376.396 	-352.664 	196.602 	
4534.00 	-371.710 	-353.020 	198.580 	-376.396 	-352.664 	196.602 	
4537.00 	-371.850 	-353.030 	198.530 	-376.396 	-352.664 	196.602 	
4541.00 	-371.990 	-353.040 	198.470 	-376.396 	-352.664 	196.602 	
4545.00 	-372.120 	-353.060 	198.430 	-376.346 	-352.785 	196.662 	
4550.00 	-372.250 	-353.080 	198.380 	-376.346 	-352.785 	196.662 	
4554.00 	-372.380 	-353.090 	198.340 	-376.346 	-352.785 	196.662 	
4557.00 	-372.500 	-353.100 	198.290 	-376.346 	-352.785 	196.662 	
4562.00 	-372.620 	-353.120 	198.250 	-376.346 	-352.785 	196.662 	
4566.00 	-372.730 	-353.130 	198.210 	-376.346 	-352.785 	196.662 	
4570.00 	-372.840 	-353.140 	198.170 	-375.626 	-352.819 	197.032 	
4574.00 	-372.940 	-353.150 	198.140 	-375.626 	-352.819 	197.032 	
4579.00 	-373.040 	-353.170 	198.100 	-375.626 	-352.819 	197.032 	
4583.00 	-373.140 	-353.180 	198.060 	-375.626 	-352.819 	197.032 	
4586.00 	-373.240 	-353.190 	198.030 	-375.626 	-352.819 	197.032 	
4590.00 	-373.340 	-353.200 	198.000 	-375.626 	-352.819 	197.032 	
4594.00 	-373.440 	-353.200 	197.960 	-376.754 	-354.512 	196.957 	
4599.00 	-373.540 	-353.210 	197.930 	-376.754 	-354.512 	196.957 	
4602.00 	-373.630 	-353.210 	197.900 	-376.754 	-354.512 	196.957 	
4606.00 	-373.720 	-353.200 	197.860 	-376.754 	-354.512 	196.957 	
4610.00 	-373.800 	-353.200 	197.820 	-376.754 	-354.512 	196.957 	
4614.00 	-373.880 	-353.190 	197.790 	-376.754 	-354.512 	196.957 	
4618.00 	-373.950 	-353.180 	197.760 	-376.754 	-354.512 	196.957 	
4623.00 	-374.030 	-353.180 	197.720 	-376.556 	-354.777 	197.132 	
4626.00 	-374.110 	-353.180 	197.690 	-376.556 	-354.777 	197.132 	
4631.00 	-374.180 	-353.170 	197.660 	-376.556 	-354.777 	197.132 	
4634.00 	-374.240 	-353.170 	197.630 	-376.556 	-354.777 	197.132 	
4638.00 	-374.310 	-353.170 	197.600 	-376.556 	-354.777 	197.132 	
4642.00 	-374.370 	-353.170 	197.580 	-376.556 	-354.777 	197.132 	
4646.00 	-374.440 	-353.180 	197.560 	-373.346 	-351.330 	197.742 	
4651.00 	-374.510 	-353.190 	197.540 	-373.346 	-351.330 	197.742 	
4655.00 	-374.570 	-353.200 	197.520 	-373.346 	-351.330 	197.742 	
4658.00 	-374.630 	-353.210 	197.500 	-373.346 	-351.330 	197.742 	
4662.00 	-374.690 	-353.220 	197.480 	-373.346 	-351.330 	197.742 	
4667.00 	-374.750 	-353.240 	197.460 	-373.346 	-351.330 	197.742 	
4671.00 	-374.810 	-353.250 	197.440 	-373.166 	-352.196 	198.082 	
4675.00 	-374.860 	-353.270 	197.420 	-373.166 	-352.196 	198.082 	
4679.00 	-374.910 	-353.280 	197.400 	-373.166 	-352.196 	198.082 	
4684.00 	-374.960 	-353.300 	197.390 	-373.166 	-352.196 	198.082 	
4687.00 	-375.000 	-353.310 	197.380 	-373.166 	-352.196 	198.082 	
4691.00 	-375.040 	-353.320 	197.370 	-373.166 	-352.196 	198.082 	
4695.00 	-375.080 	-353.340 	197.360 	-367.289 	-357.137 	202.447 	
4699.00 	-375.100 	-353.340 	197.350 	-367.289 	-357.137 	202.447 	
4703.00 	-375.130 	-353.350 	197.350 	-367.289 	-357.137 	202.447 	
4707.00 	-375.140 	-353.350 	197.350 	-367.289 	-357.137 	202.447 	
4711.00 	-375.150 	-353.340 	197.340 	-367.289 	-357.137 	202.447 	
4715.00 	-375.160 	-353.340 	197.340 	-367.289 	-357.137 	202.447 	
4719.00 	-375.140 	-353.310 	197.320 	-348.399 	-373.712 	216.677 	
4724.00 	-375.130 	-353.310 	197.330 	-348.399 	-373.712 	216.677 	
4727.00 	-375.110 	-353.300 	197.340 	-348.399 	-373.712 	216.677 	
4731.00 	-375.090 	-353.290 	197.340 	-348.399 	-373.712 	216.677 	
4736.00 	-375.080 	-353.280 	197.360 	-348.399 	-373.712 	216.677 	
4739.00 	-375.050 	-353.280 	197.380 	-348.399 	-373.712 	216.677 	
4743.00 	-375.010 	-353.280 	197.410 	-322.719 	-394.185 	235.427 	
4748.00 	-374.930 	-353.310 	197.470 	-322.719 	-394.185 	235.427 	
4751.00 	-374.840 	-353.360 	197.550 	-322.719 	-394.185 	235.427 	
4755.00 	-374.730 	-353.400 	197.630 	-322.719 	-394.185 	235.427 	
4759.00 	-374.600 	-353.470 	197.730 	-322.719 	-394.185 	235.427 	
4763.00 	-374.430 	-353.590 	197.870 	-322.719 	-394.185 	235.427 	
4767.00 	-374.230 	-353.700 	198.000 	-299.816 	-412.177 	252.072 	
4772.00 	-373.990 	-353.870 	198.170 	-299.816 	-412.177 	252.072 	
4775.00 	-373.700 	-354.080 	198.400 	-299.816 	-412.177 	252.072 	
4779.00 	-373.380 	-354.300 	198.620 	-299.816 	-412.177 	252.072 	
4784.00 	-372.980 	-354.590 	198.900 	-299.816 	-412.177 	252.072 	
4787.00 	-372.530 	-354.940 	199.230 	-299.816 	-412.177 	252.072 	
4792.00 	-372.040 	-355.290 	199.570 	-281.081 	-426.908 	265.692 	
4796.00 	-371.480 	-355.710 	199.960 	-281.081 	-426.908 	265.692 	
4799.00 	-370.880 	-356.180 	200.420 	-281.081 	-426.908 	265.692 	
4804.00 	-370.230 	-356.660 	200.890 	-281.081 	-426.908 	265.692 	
4809.00 	-369.480 	-357.200 	201.410 	-281.081 	-426.908 	265.692 	
4812.00 	-368.670 	-357.810 	202.000 	-281.081 	-426.908 	265.692 	
4816.00 	-367.830 	-358.450 	202.620 	-258.556 	-443.492 	281.742 	
4821.00 	-366.870 	-359.160 	203.270 	-258.556 	-443.492 	281.742 	
4824.00 	-365.880 	-359.920 	204.010 	-258.556 	-443.492 	281.742 	
4828.00 	-364.820 	-360.700 	204.750 	-258.556 	-443.492 	281.742 	
4832.00 	-363.660 	-361.550 	205.550 	-258.556 	-443.492 	281.742 	
4836.00 	-362.450 	-362.440 	206.410 	-258.556 	-443.492 	281.742 	
4840.00 	-361.190 	-363.360 	207.270 	-258.556 	-443.492 	281.742 	
4845.00 	-359.830 	-364.350 	208.200 	-239.521 	-458.362 	295.552 	
4848.00 	-358.420 	-365.370 	209.190 	-239.521 	-458.362 	295.552 	
4852.00 	-356.980 	-366.420 	210.190 	-239.521 	-458.362 	295.552 	
4856.00 	-355.440 	-367.540 	211.250 	-239.521 	-458.362 	295.552 	
4860.00 	-353.860 	-368.690 	212.370 	-239.521 	-458.362 	295.552 	
4864.00 	-352.230 	-369.850 	213.490 	-239.521 	-458.362 	295.552 	
4868.00 	-350.540 	-371.050 	214.630 	-220.231 	-473.032 	309.432 	
4872.00 	-348.800 	-372.280 	215.830 	-220.231 	-473.032 	309.432 	
4876.00 	-347.000 	-373.540 	217.070 	-220.231 	-473.032 	309.432 	
4880.00 	-345.150 	-374.830 	218.320 	-220.231 	-473.032 	309.432 	
4884.00 	-343.220 	-376.160 	219.610 	-220.231 	-473.032 	309.432 	
4888.00 	-341.260 	-377.520 	220.940 	-220.231 	-473.032 	309.432 	
4892.00 	-339.280 	-378.890 	222.280 	-200.701 	-488.084 	323.542 	
4896.00 	-337.210 	-380.290 	223.650 	-200.701 	-488.084 	323.542 	
4901.00 	-335.110 	-381.750 	225.080 	-200.701 	-488.084 	323.542 	
4904.00 	-332.960 	-383.220 	226.520 	-200.701 	-488.084 	323.542 	
4908.00 	-330.760 	-384.720 	227.980 	-200.701 	-488.084 	323.542 	
4913.00 	-328.540 	-386.240 	229.480 	-200.701 	-488.084 	323.542 	
4918.00 	-326.290 	-387.770 	231.000 	-182.299 	-502.473 	336.897 	
4920.00 	-324.000 	-389.320 	232.540 	-182.299 	-502.473 	336.897 	
4924.00 	-321.650 	-390.900 	234.120 	-182.299 	-502.473 	336.897 	
4928.00 	-319.290 	-392.480 	235.710 	-182.299 	-502.473 	336.897 	
4934.00 	-316.880 	-394.080 	237.310 	-182.299 	-502.473 	336.897 	
4937.00 	-314.450 	-395.710 	238.950 	-182.299 	-502.473 	336.897 	
4941.00 	-311.960 	-397.370 	240.620 	-162.789 	-517.351 	350.947 	
4945.00 	-309.420 	-399.050 	242.300 	-162.789 	-517.351 	350.947 	
4950.00 	-306.880 	-400.750 	244.010 	-162.789 	-517.351 	350.947 	
4954.00 	-304.340 	-402.450 	245.740 	-162.789 	-517.351 	350.947 	
4957.00 	-301.750 	-404.170 	247.480 	-162.789 	-517.351 	350.947 	
4961.00 	-299.110 	-405.920 	249.250 	-162.789 	-517.351 	350.947 	
4965.00 	-296.450 	-407.680 	251.030 	-145.266 	-531.498 	363.792 	
4969.00 	-293.760 	-409.450 	252.820 	-145.266 	-531.498 	363.792 	
4973.00 	-291.030 	-411.240 	254.640 	-145.266 	-531.498 	363.792 	
4977.00 	-288.290 	-413.040 	256.470 	-145.266 	-531.498 	363.792 	
4981.00 	-285.530 	-414.860 	258.330 	-145.266 	-531.498 	363.792 	
4986.00 	-282.760 	-416.690 	260.220 	-145.266 	-531.498 	363.792 	
4989.00 	-279.970 	-418.540 	262.120 	-127.541 	-543.960 	376.252 	
4994.00 	-277.150 	-420.410 	264.020 	-127.541 	-543.960 	376.252 	
4998.00 	-274.300 	-422.270 	265.950 	-127.541 	-543.960 	376.252 	
5001.00 	-271.450 	-424.150 	267.890 	-127.541 	-543.960 	376.252 	
5005.00 	-268.550 	-426.050 	269.830 	-127.541 	-543.960 	376.252 	
5010.00 	-265.640 	-427.960 	271.800 	-127.541 	-543.960 	376.252 	
5013.00 	-262.740 	-429.870 	273.780 	-109.999 	-558.314 	389.167 	
5017.00 	-259.810 	-431.810 	275.790 	-109.999 	-558.314 	389.167 	
5021.00 	-256.870 	-433.760 	277.810 	-109.999 	-558.314 	389.167 	
5025.00 	-253.920 	-435.700 	279.830 	-109.999 	-558.314 	389.167 	
5029.00 	-250.960 	-437.660 	281.870 	-109.999 	-558.314 	389.167 	
5034.00 	-247.970 	-439.630 	283.920 	-109.999 	-558.314 	389.167 	
5037.00 	-244.970 	-441.600 	285.970 	-91.5560 	-571.595 	402.222 	
5041.00 	-241.960 	-443.580 	288.020 	-91.5560 	-571.595 	402.222 	
5046.00 	-238.940 	-445.580 	290.100 	-91.5560 	-571.595 	402.222 	
5050.00 	-235.970 	-447.590 	292.220 	-91.5560 	-571.595 	402.222 	
5055.00 	-232.980 	-449.600 	294.340 	-91.5560 	-571.595 	402.222 	
5058.00 	-229.930 	-451.620 	296.440 	-91.5560 	-571.595 	402.222 	
5063.00 	-226.870 	-453.670 	298.580 	-74.4835 	-584.165 	414.387 	
5066.00 	-223.820 	-455.690 	300.710 	-74.4835 	-584.165 	414.387 	
5071.00 	-220.770 	-457.730 	302.860 	-74.4835 	-584.165 	414.387 	
5074.00 	-217.710 	-459.770 	305.000 	-74.4835 	-584.165 	414.387 	
5078.00 	-214.670 	-461.820 	307.150 	-74.4835 	-584.165 	414.387 	
5082.00 	-211.610 	-463.870 	309.320 	-74.4835 	-584.165 	414.387 	
5087.00 	-208.520 	-465.950 	311.510 	-57.5910 	-597.428 	426.662 	
5091.00 	-205.440 	-468.030 	313.690 	-57.5910 	-597.428 	426.662 	
5095.00 	-202.360 	-470.090 	315.880 	-57.5910 	-597.428 	426.662 	
5098.00 	-199.280 	-472.160 	318.070 	-57.5910 	-597.428 	426.662 	
5102.00 	-196.220 	-474.250 	320.280 	-57.5910 	-597.428 	426.662 	
5106.00 	-193.140 	-476.340 	322.500 	-57.5910 	-597.428 	426.662 	
5111.00 	-190.020 	-478.450 	324.700 	-40.8060 	-612.003 	439.262 	
5114.00 	-186.910 	-480.540 	326.910 	-40.8060 	-612.003 	439.262 	
5119.00 	-183.850 	-482.640 	329.140 	-40.8060 	-612.003 	439.262 	
5123.00 	-180.790 	-484.740 	331.360 	-40.8060 	-612.003 	439.262 	
5127.00 	-177.700 	-486.850 	333.590 	-40.8060 	-612.003 	439.262 	
5131.00 	-174.590 	-488.970 	335.820 	-40.8060 	-612.003 	439.262 	
5135.00 	-171.480 	-491.090 	338.040 	-22.8910 	-625.072 	451.992 	
5139.00 	-168.390 	-493.220 	340.280 	-22.8910 	-625.072 	451.992 	
5143.00 	-165.340 	-495.350 	342.520 	-22.8910 	-625.072 	451.992 	
5146.00 	-162.270 	-497.480 	344.750 	-22.8910 	-625.072 	451.992 	
5151.00 	-159.180 	-499.610 	346.990 	-22.8910 	-625.072 	451.992 	
5155.00 	-156.100 	-501.760 	349.240 	-22.8910 	-625.072 	451.992 	
5159.00 	-153.040 	-503.910 	351.490 	-5.23851 	-637.192 	464.317 	
5162.00 	-149.970 	-506.070 	353.730 	-5.23851 	-637.192 	464.317 	
5167.00 	-146.910 	-508.220 	355.960 	-5.23851 	-637.192 	464.317 	
5170.00 	-143.860 	-510.370 	358.180 	-5.23851 	-637.192 	464.317 	
5175.00 	-140.780 	-512.530 	360.410 	-5.23851 	-637.192 	464.317 	
5179.00 	-137.710 	-514.710 	362.640 	-5.23851 	-637.192 	464.317 	
5184.00 	-134.690 	-516.890 	364.890 	10.8965 	-650.607 	476.257 	
5187.00 	-131.650 	-519.090 	367.140 	10.8965 	-650.607 	476.257 	
5191.00 	-128.610 	-521.280 	369.380 	10.8965 	-650.607 	476.257 	
5195.00 	-125.560 	-523.460 	371.610 	10.8965 	-650.607 	476.257 	
5199.00 	-122.530 	-525.650 	373.830 	10.8965 	-650.607 	476.257 	
5203.00 	-119.470 	-527.850 	376.060 	10.8965 	-650.607 	476.257 	
5207.00 	-116.450 	-530.050 	378.290 	27.2340 	-663.341 	488.102 	
5211.00 	-113.440 	-532.240 	380.500 	27.2340 	-663.341 	488.102 	
5216.00 	-110.420 	-534.440 	382.720 	27.2340 	-663.341 	488.102 	
5220.00 	-107.390 	-536.640 	384.930 	27.2340 	-663.341 	488.102 	
5223.00 	-104.370 	-538.850 	387.140 	27.2340 	-663.341 	488.102 	
5227.00 	-101.370 	-541.080 	389.380 	27.2340 	-663.341 	488.102 	
5231.00 	-98.3800 	-543.290 	391.570 	44.2190 	-676.185 	500.302 	
5236.00 	-95.3900 	-545.500 	393.770 	44.2190 	-676.185 	500.302 	
5240.00 	-92.4200 	-547.720 	395.980 	44.2190 	-676.185 	500.302 	
5243.00 	-89.4500 	-549.910 	398.160 	44.2190 	-676.185 	500.302 	
5248.00 	-86.4500 	-552.120 	400.330 	44.2190 	-676.185 	500.302 	
5251.00 	-83.4600 	-554.340 	402.500 	44.2190 	-676.185 	500.302 	
5256.00 	-80.5200 	-556.560 	404.690 	60.9515 	-688.409 	512.197 	
5259.00 	-77.6000 	-558.790 	406.870 	60.9515 	-688.409 	512.197 	
5263.00 	-74.6500 	-561.020 	409.040 	60.9515 	-688.409 	512.197 	
5268.00 	-71.7200 	-563.230 	411.170 	60.9515 	-688.409 	512.197 	
5271.00 	-68.8000 	-565.460 	413.340 	60.9515 	-688.409 	512.197 	
5275.00 	-65.8800 	-567.690 	415.480 	60.9515 	-688.409 	512.197 	
5279.00 	-62.9400 	-569.910 	417.580 	75.6215 	-699.234 	522.657 	
5284.00 	-60.0100 	-572.150 	419.720 	75.6215 	-699.234 	522.657 	
5288.00 	-57.1200 	-574.390 	421.840 	75.6215 	-699.234 	522.657 	
5291.00 	-54.2400 	-576.600 	423.920 	75.6215 	-699.234 	522.657 	
5295.00 	-51.3400 	-578.820 	425.980 	75.6215 	-699.234 	522.657 	
5300.00 	-48.4600 	-581.050 	428.070 	75.6215 	-699.234 	522.657 	
5303.00 	-45.6100 	-583.280 	430.170 	85.0415 	-705.504 	529.177 	
5307.00 	-42.7300 	-585.520 	432.250 	85.0415 	-705.504 	529.177 	
5312.00 	-39.8300 	-587.740 	434.320 	85.0415 	-705.504 	529.177 	
5316.00 	-36.9600 	-589.950 	436.390 	85.0415 	-705.504 	529.177 	
5320.00 	-34.1300 	-592.180 	438.450 	85.0415 	-705.504 	529.177 	
5324.00 	-31.3000 	-594.400 	440.510 	85.0415 	-705.504 	529.177 	
5329.00 	-28.4800 	-596.600 	442.540 	87.0190 	-707.916 	530.862 	
5332.00 	-25.6600 	-598.810 	444.590 	87.0190 	-707.916 	530.862 	
5337.00 	-22.8800 	-601.020 	446.630 	87.0190 	-707.916 	530.862 	
5340.00 	-20.1100 	-603.210 	448.620 	87.0190 	-707.916 	530.862 	
5344.00 	-17.3300 	-605.380 	450.610 	87.0190 	-707.916 	530.862 	
5348.00 	-14.5700 	-607.550 	452.590 	86.4915 	-707.808 	530.567 	
5352.00 	-11.8200 	-609.710 	454.570 	86.4915 	-707.808 	530.567 	
5356.00 	-9.11000 	-611.860 	456.520 	86.4915 	-707.808 	530.567 	
5360.00 	-6.44000 	-614.000 	458.450 	86.4915 	-707.808 	530.567 	
5364.00 	-3.80000 	-616.120 	460.350 	86.4915 	-707.808 	530.567 	
5369.00 	-1.17000 	-618.210 	462.230 	86.4915 	-707.808 	530.567 	
5373.00 	1.43000 	-620.300 	464.100 	86.8215 	-707.617 	530.677 	
5377.00 	3.96000 	-622.370 	465.950 	86.8215 	-707.617 	530.677 	
5380.00 	6.48000 	-624.410 	467.760 	86.8215 	-707.617 	530.677 	
5384.00 	8.96000 	-626.420 	469.560 	86.8215 	-707.617 	530.677 	
5388.00 	11.3800 	-628.420 	471.330 	86.8215 	-707.617 	530.677 	
5392.00 	13.7800 	-630.390 	473.070 	86.8215 	-707.617 	530.677 	
5397.00 	16.1300 	-632.330 	474.760 	86.8365 	-707.626 	530.687 	
5401.00 	18.4300 	-634.230 	476.420 	86.8365 	-707.626 	530.687 	
5405.00 	20.6700 	-636.120 	478.060 	86.8365 	-707.626 	530.687 	
5409.00 	22.8500 	-637.980 	479.660 	86.8365 	-707.626 	530.687 	
5413.00 	24.9800 	-639.810 	481.240 	86.8365 	-707.626 	530.687 	
5416.00 	27.0700 	-641.610 	482.790 	86.8365 	-707.626 	530.687 	
5421.00 	29.1200 	-643.380 	484.290 	86.6065 	-707.366 	530.497 	
5424.00 	31.1000 	-645.100 	485.730 	86.6065 	-707.366 	530.497 	
5428.00 	33.0400 	-646.800 	487.140 	86.6065 	-707.366 	530.497 	
5432.00 	34.9400 	-648.470 	488.530 	86.6065 	-707.366 	530.497 	
5438.00 	36.7800 	-650.110 	489.880 	86.6065 	-707.366 	530.497 	
5442.00 	38.5700 	-651.710 	491.200 	86.6065 	-707.366 	530.497 	
5446.00 	40.2800 	-653.290 	492.480 	86.7090 	-707.621 	530.622 	
5449.00 	41.9300 	-654.840 	493.730 	86.7090 	-707.621 	530.622 	
5453.00 	43.5700 	-656.340 	494.910 	86.7090 	-707.621 	530.622 	
5457.00 	45.1700 	-657.810 	496.080 	86.7090 	-707.621 	530.622 	
5461.00 	46.6900 	-659.250 	497.220 	86.7090 	-707.621 	530.622 	
5465.00 	48.1700 	-660.670 	498.350 	86.7090 	-707.621 	530.622 	
5469.00 	49.6200 	-662.050 	499.420 	86.8140 	-707.786 	530.722 	
5473.00 	51.0300 	-663.390 	500.460 	86.8140 	-707.786 	530.722 	
5477.00 	52.3500 	-664.710 	501.500 	86.8140 	-707.786 	530.722 	
5481.00 	53.6200 	-666.000 	502.490 	86.8140 	-707.786 	530.722 	
5485.00 	54.8600 	-667.250 	503.440 	86.8140 	-707.786 	530.722 	
5489.00 	56.0900 	-668.470 	504.370 	86.8140 	-707.786 	530.722 	
5494.00 	57.2500 	-669.660 	505.280 	86.9040 	-706.972 	530.532 	
5497.00 	58.3600 	-670.840 	506.150 	86.9040 	-706.972 	530.532 	
5501.00 	59.4500 	-671.980 	507.010 	86.9040 	-706.972 	530.532 	
5505.00 	60.5000 	-673.080 	507.820 	86.9040 	-706.972 	530.532 	
5509.00 	61.5300 	-674.160 	508.600 	86.9040 	-706.972 	530.532 	
5513.00 	62.5100 	-675.220 	509.370 	86.9040 	-706.972 	530.532 	
5518.00 	63.4400 	-676.240 	510.100 	86.9340 	-706.989 	530.552 	
5521.00 	64.3400 	-677.240 	510.810 	86.9340 	-706.989 	530.552 	
5525.00 	65.2500 	-678.210 	511.500 	86.9340 	-706.989 	530.552 	
5529.00 	66.1100 	-679.150 	512.180 	86.9340 	-706.989 	530.552 	
5534.00 	66.9300 	-680.080 	512.860 	86.9340 	-706.989 	530.552 	
5537.00 	67.7200 	-680.960 	513.490 	86.6115 	-707.496 	530.537 	
5541.00 	68.4800 	-681.820 	514.090 	86.6115 	-707.496 	530.537 	
5545.00 	69.2200 	-682.660 	514.700 	86.6115 	-707.496 	530.537 	
5549.00 	69.9200 	-683.490 	515.260 	86.6115 	-707.496 	530.537 	
5554.00 	70.5600 	-684.290 	515.830 	86.6115 	-707.496 	530.537 	
5557.00 	71.2100 	-685.060 	516.380 	86.6115 	-707.496 	530.537 	
5562.00 	71.8500 	-685.790 	516.870 	86.7690 	-707.760 	530.692 	
5567.00 	72.4500 	-686.510 	517.370 	86.7690 	-707.760 	530.692 	
5571.00 	73.0200 	-687.220 	517.860 	86.7690 	-707.760 	530.692 	
5574.00 	73.5900 	-687.900 	518.300 	86.7690 	-707.760 	530.692 	
5578.00 	74.1300 	-688.560 	518.740 	86.7690 	-707.760 	530.692 	
5583.00 	74.6500 	-689.200 	519.180 	86.7690 	-707.760 	530.692 	
5586.00 	75.1400 	-689.830 	519.620 	86.8140 	-707.647 	530.682 	
5590.00 	75.6300 	-690.430 	520.030 	86.8140 	-707.647 	530.682 	
5594.00 	76.1000 	-691.010 	520.400 	86.8140 	-707.647 	530.682 	
5598.00 	76.5300 	-691.570 	520.770 	86.8140 	-707.647 	530.682 	
5602.00 	76.9500 	-692.130 	521.160 	86.8140 	-707.647 	530.682 	
5606.00 	77.3500 	-692.660 	521.500 	86.8140 	-707.647 	530.682 	
5611.00 	77.7700 	-693.170 	521.820 	86.7990 	-707.465 	530.622 	
5615.00 	78.1400 	-693.670 	522.150 	86.7990 	-707.465 	530.622 	
5618.00 	78.4900 	-694.160 	522.480 	86.7990 	-707.465 	530.622 	
5622.00 	78.8300 	-694.640 	522.790 	86.7990 	-707.465 	530.622 	
5626.00 	79.1500 	-695.100 	523.080 	86.7990 	-707.465 	530.622 	
5630.00 	79.4500 	-695.540 	523.350 	86.7990 	-707.465 	530.622 	
5635.00 	79.7500 	-695.970 	523.630 	86.7540 	-707.439 	530.592 	
5638.00 	80.0400 	-696.380 	523.890 	86.7540 	-707.439 	530.592 	
5642.00 	80.3300 	-696.780 	524.140 	86.7540 	-707.439 	530.592 	
5646.00 	80.5900 	-697.160 	524.390 	86.7540 	-707.439 	530.592 	
5650.00 	80.8500 	-697.540 	524.620 	86.7540 	-707.439 	530.592 	
5654.00 	81.0900 	-697.910 	524.870 	86.7540 	-707.439 	530.592 	
5659.00 	81.3300 	-698.260 	525.100 	86.6865 	-707.816 	530.667 	
5662.00 	81.5600 	-698.600 	525.310 	86.6865 	-707.816 	530.667 	
5666.00 	81.7700 	-698.930 	525.510 	86.6865 	-707.816 	530.667 	
5670.00 	81.9800 	-699.240 	525.720 	86.6865 	-707.816 	530.667 	
5674.00 	82.1900 	-699.540 	525.900 	86.6865 	-707.816 	530.667 	
5678.00 	82.4000 	-699.840 	526.090 	86.5415 	-707.340 	530.457 	
5684.00 	82.5900 	-700.120 	526.280 	86.5415 	-707.340 	530.457 	
5687.00 	82.7700 	-700.400 	526.460 	86.5415 	-707.340 	530.457 	
5691.00 	82.9300 	-700.670 	526.610 	86.5415 	-707.340 	530.457 	
5695.00 	83.0900 	-700.920 	526.770 	86.5415 	-707.340 	530.457 	
5699.00 	83.2400 	-701.170 	526.920 	86.5415 	-707.340 	530.457 	
5703.00 	83.3800 	-701.410 	527.060 	86.4615 	-707.409 	530.437 	
5708.00 	83.5200 	-701.650 	527.210 	86.4615 	-707.409 	530.437 	
5712.00 	83.6500 	-701.870 	527.340 	86.4615 	-707.409 	530.437 	
5715.00 	83.7800 	-702.080 	527.470 	86.4615 	-707.409 	530.437 	
5719.00 	83.9100 	-702.290 	527.600 	86.4615 	-707.409 	530.437 	
5723.00 	84.0200 	-702.490 	527.720 	86.4615 	-707.409 	530.437 	
5727.00 	84.1300 	-702.680 	527.840 	86.8915 	-707.461 	530.667 	
5732.00 	84.2400 	-702.870 	527.950 	86.8915 	-707.461 	530.667 	
5735.00 	84.3400 	-703.050 	528.060 	86.8915 	-707.461 	530.667 	
5739.00 	84.4300 	-703.220 	528.160 	86.8915 	-707.461 	530.667 	
5743.00 	84.5300 	-703.390 	528.260 	86.8915 	-707.461 	530.667 	
5747.00 	84.6300 	-703.550 	528.360 	86.8915 	-707.461 	530.667 	
5751.00 	84.7200 	-703.700 	528.450 	86.6390 	-707.708 	530.612 	
5756.00 	84.8000 	-703.840 	528.530 	86.6390 	-707.708 	530.612 	
5760.00 	84.8900 	-703.980 	528.610 	86.6390 	-707.708 	530.612 	
5764.00 	84.9600 	-704.120 	528.690 	86.6390 	-707.708 	530.612 	
5768.00 	85.0300 	-704.250 	528.770 	86.6390 	-707.708 	530.612 	
5772.00 	85.1000 	-704.370 	528.840 	86.6390 	-707.708 	530.612 	
5775.00 	85.1700 	-704.500 	528.910 	86.4790 	-707.604 	530.502 	
5780.00 	85.2300 	-704.610 	528.980 	86.4790 	-707.604 	530.502 	
5785.00 	85.2900 	-704.720 	529.050 	86.4790 	-707.604 	530.502 	
5787.00 	85.3500 	-704.830 	529.110 	86.4790 	-707.604 	530.502 	
5791.00 	85.4100 	-704.930 	529.170 	86.4790 	-707.604 	530.502 	
5795.00 	85.4600 	-705.040 	529.230 	86.4790 	-707.604 	530.502 	
5799.00 	85.5100 	-705.140 	529.280 	86.6790 	-707.604 	530.602 	
5805.00 	85.5500 	-705.230 	529.330 	86.6790 	-707.604 	530.602 	
5808.00 	85.6000 	-705.320 	529.380 	86.6790 	-707.604 	530.602 	
5811.00 	85.6500 	-705.410 	529.430 	86.6790 	-707.604 	530.602 	
5815.00 	85.6900 	-705.500 	529.480 	86.6790 	-707.604 	530.602 	
5820.00 	85.7300 	-705.580 	529.530 	86.6790 	-707.604 	530.602 	
5825.00 	85.7700 	-705.660 	529.570 	86.2040 	-707.803 	530.422 	
5828.00 	85.8100 	-705.730 	529.610 	86.2040 	-707.803 	530.422 	
5833.00 	85.8500 	-705.800 	529.650 	86.2040 	-707.803 	530.422 	
5837.00 	85.8800 	-705.880 	529.690 	86.2040 	-707.803 	530.422 	
5841.00 	85.9100 	-705.940 	529.730 	86.2040 	-707.803 	530.422 	
5844.00 	85.9400 	-706.010 	529.770 	86.2040 	-707.803 	530.422 	
5849.00 	85.9700 	-706.070 	529.810 	86.5515 	-707.219 	530.427 	
5853.00 	86.0000 	-706.130 	529.850 	86.5515 	-707.219 	530.427 	
5857.00 	86.0300 	-706.190 	529.890 	86.5515 	-707.219 	530.427 	
5860.00 	86.0500 	-706.250 	529.930 	86.5515 	-707.219 	530.427 	
5864.00 	86.0700 	-706.300 	529.960 	86.5515 	-707.219 	530.427 	
5868.00 	86.0900 	-706.350 	529.990 	86.5515 	-707.219 	530.427 	
5873.00 	86.1100 	-706.400 	530.010 	86.7090 	-707.587 	530.612 	
5876.00 	86.1300 	-706.450 	530.030 	86.7090 	-707.587 	530.612 	
5880.00 	86.1500 	-706.500 	530.050 	86.7090 	-707.587 	530.612 	
5885.00 	86.1700 	-706.540 	530.070 	86.7090 	-707.587 	530.612 	
5889.00 	86.1800 	-706.590 	530.090 	86.7090 	-707.587 	530.612 	
5892.00 	86.2000 	-706.630 	530.110 	86.7090 	-707.587 	530.612 	
5897.00 	86.2200 	-706.670 	530.120 	86.7015 	-707.756 	530.657 	
5900.00 	86.2300 	-706.700 	530.140 	86.7015 	-707.756 	530.657 	
5906.00 	86.2400 	-706.740 	530.150 	86.7015 	-707.756 	530.657 	
5909.00 	86.2500 	-706.770 	530.170 	86.7015 	-707.756 	530.657 	
5912.00 	86.2700 	-706.810 	530.190 	86.7015 	-707.756 	530.657 	
5916.00 	86.2800 	-706.840 	530.200 	86.7015 	-707.756 	530.657 	
5920.00 	86.2900 	-706.870 	530.220 	86.7165 	-707.660 	530.637 	
5924.00 	86.3000 	-706.900 	530.240 	86.7165 	-707.660 	530.637 	
5928.00 	86.3100 	-706.920 	530.250 	86.7165 	-707.660 	530.637 	
5933.00 	86.3200 	-706.950 	530.270 	86.7165 	-707.660 	530.637 	
5937.00 	86.3300 	-706.970 	530.270 	86.7165 	-707.660 	530.637 	
5940.00 	86.3400 	-706.990 	530.280 	86.7165 	-707.660 	530.637 	
5945.00 	86.3600 	-707.020 	530.290 	86.9490 	-706.998 	530.562 	
5948.00 	86.3700 	-707.040 	530.310 	86.9490 	-706.998 	530.562 	
5953.00 	86.3800 	-707.060 	530.320 	86.9490 	-706.998 	530.562 	
5957.00 	86.3900 	-707.090 	530.330 	86.9490 	-706.998 	530.562 	
5961.00 	86.4000 	-707.110 	530.340 	86.9490 	-706.998 	530.562 	
5965.00 	86.4100 	-707.130 	530.350 	86.6715 	-707.461 	530.557 	
5969.00 	86.4200 	-707.140 	530.360 	86.6715 	-707.461 	530.557 	
5973.00 	86.4200 	-707.160 	530.370 	86.6715 	-707.461 	530.557 	
5977.00 	86.4400 	-707.180 	530.380 	86.6715 	-707.461 	530.557 	
5981.00 	86.4400 	-707.200 	530.390 	86.6715 	-707.461 	530.557 	
5986.00 	86.4500 	-707.210 	530.400 	86.6715 	-707.461 	530.557 	
5989.00 	86.4600 	-707.220 	530.410 	86.6440 	-707.699 	530.612 	
5993.00 	86.4700 	-707.240 	530.420 	86.6440 	-707.699 	530.612 	
5997.00 	86.4800 	-707.250 	530.430 	86.6440 	-707.699 	530.612 	
6001.00 	86.4900 	-707.260 	530.430 	86.6440 	-707.699 	530.612 	
6005.00 	86.5000 	-707.270 	530.440 	86.6440 	-707.699 	530.612 	
6009.00 	86.5000 	-707.280 	530.440 	86.6440 	-707.699 	530.612 	
6013.00 	86.5100 	-707.290 	530.450 	86.7165 	-707.695 	530.647 	
6018.00 	86.5200 	-707.290 	530.450 	86.7165 	-707.695 	530.647 	
6022.00 	86.5300 	-707.300 	530.460 	86.7165 	-707.695 	530.647 	
6025.00 	86.5400 	-707.310 	530.460 	86.7165 	-707.695 	530.647 	
6029.00 	86.5500 	-707.320 	530.460 	86.7165 	-707.695 	530.647 	
6034.00 	86.5500 	-707.320 	530.470 	86.7165 	-707.695 	530.647 	
6037.00 	86.5600 	-707.330 	530.480 	86.6490 	-707.587 	530.582 	
6042.00 	86.5600 	-707.340 	530.480 	86.6490 	-707.587 	530.582 	
6046.00 	86.5700 	-707.340 	530.480 	86.6490 	-707.587 	530.582 	
6050.00 	86.5700 	-707.350 	530.490 	86.6490 	-707.587 	530.582 	
6054.00 	86.5800 	-707.360 	530.490 	86.6490 	-707.587 	530.582 	
6058.00 	86.5900 	-707.370 	530.500 	86.6490 	-707.587 	530.582 	
6061.00 	86.5900 	-707.370 	530.510 	86.8090 	-707.552 	530.652 	
6066.00 	86.5900 	-707.380 	530.510 	86.8090 	-707.552 	530.652 	
6070.00 	86.6000 	-707.390 	530.520 	86.8090 	-707.552 	530.652 	
6074.00 	86.6000 	-707.400 	530.520 	86.8090 	-707.552 	530.652 	
6078.00 	86.6100 	-707.400 	530.530 	86.8090 	-707.552 	530.652 	
6082.00 	86.6100 	-707.410 	530.530 	86.8090 	-707.552 	530.652 	
6087.00 	86.6100 	-707.420 	530.530 	86.5140 	-707.509 	530.492 	
6090.00 	86.6200 	-707.420 	530.540 	86.5140 	-707.509 	530.492 	
6095.00 	86.6200 	-707.430 	530.540 	86.5140 	-707.509 	530.492 	
6098.00 	86.6300 	-707.440 	530.550 	86.5140 	-707.509 	530.492 	
6103.00 	86.6300 	-707.440 	530.550 	86.5140 	-707.509 	530.492 	
6106.00 	86.6300 	-707.450 	530.550 	86.5140 	-707.509 	530.492 	
6111.00 	86.6300 	-707.450 	530.560 	86.6065 	-707.747 	530.607 	
6114.00 	86.6400 	-707.460 	530.560 	86.6065 	-707.747 	530.607 	
6119.00 	86.6400 	-707.460 	530.560 	86.6065 	-707.747 	530.607 	
6122.00 	86.6400 	-707.470 	530.560 	86.6065 	-707.747 	530.607 	
6126.00 	86.6500 	-707.470 	530.560 	86.6065 	-707.747 	530.607 	
6130.00 	86.6500 	-707.480 	530.570 	86.6065 	-707.747 	530.607 	
6134.00 	86.6500 	-707.480 	530.570 	86.3315 	-707.808 	530.487 	
6138.00 	86.6500 	-707.490 	530.570 	86.3315 	-707.808 	530.487 	
6143.00 	86.6500 	-707.490 	530.570 	86.3315 	-707.808 	530.487 	
6146.00 	86.6600 	-707.490 	530.570 	86.3315 	-707.808 	530.487 	
6151.00 	86.6600 	-707.500 	530.570 	86.3315 	-707.808 	530.487 	
6154.00 	86.6500 	-707.500 	530.570 	86.7415 	-707.617 	530.637 	
6159.00 	86.6500 	-707.500 	530.570 	86.7415 	-707.617 	530.637 	
6162.00 	86.6400 	-707.510 	530.570 	86.7415 	-707.617 	530.637 	
6166.00 	86.6400 	-707.510 	530.570 	86.7415 	-707.617 	530.637 	
6171.00 	86.6400 	-707.520 	530.570 	86.7415 	-707.617 	530.637 	
6175.00 	86.6400 	-707.520 	530.580 	86.7415 	-707.617 	530.637 	
6178.00 	86.6400 	-707.530 	530.580 	86.3790 	-707.847 	530.522 	
6183.00 	86.6400 	-707.530 	530.580 	86.3790 	-707.847 	530.522 	
6188.00 	86.6400 	-707.530 	530.580 	86.3790 	-707.847 	530.522 	
6190.00 	86.6400 	-707.540 	530.580 	86.3790 	-707.847 	530.522 	
6196.00 	86.6400 	-707.540 	530.580 	86.3790 	-707.847 	530.522 	
6199.00 	86.6400 	-707.540 	530.580 	86.3790 	-707.847 	530.522 	
6202.00 	86.6400 	-707.550 	530.580 	86.4065 	-707.331 	530.387 	
6207.00 	86.6400 	-707.550 	530.580 	86.4065 	-707.331 	530.387 	
6211.00 	86.6400 	-707.560 	530.580 	86.4065 	-707.331 	530.387 	
6215.00 	86.6400 	-707.560 	530.570 	86.4065 	-707.331 	530.387 	
6219.00 	86.6400 	-707.570 	530.570 	86.4065 	-707.331 	530.387 	
6223.00 	86.6400 	-707.570 	530.570 	86.4065 	-707.331 	530.387 	
6228.00 	86.6400 	-707.570 	530.570 	86.6515 	-707.634 	530.597 	
6231.00 	86.6400 	-707.580 	530.570 	86.6515 	-707.634 	530.597 	
6235.00 	86.6300 	-707.580 	530.570 	86.6515 	-707.634 	530.597 	
6240.00 	86.6300 	-707.580 	530.570 	86.6515 	-707.634 	530.597 	
6244.00 	86.6300 	-707.590 	530.570 	86.6515 	-707.634 	530.597 	
6248.00 	86.6300 	-707.590 	530.570 	86.6515 	-707.634 	530.597 	
6251.00 	86.6400 	-707.590 	530.570 	86.7340 	-707.613 	530.632 	
6255.00 	86.6400 	-707.590 	530.570 	86.7340 	-707.613 	530.632 	
6259.00 	86.6400 	-707.590 	530.560 	86.7340 	-707.613 	530.632 	
6263.00 	86.6300 	-707.590 	530.560 	86.7340 	-707.613 	530.632 	
6267.00 	86.6300 	-707.590 	530.530 	86.7340 	-707.613 	530.632 	
6271.00 	86.6300 	-707.580 	530.520 	86.7340 	-707.613 	530.632 	
6276.00 	86.6300 	-707.580 	530.510 	86.6440 	-707.526 	530.562 	
6279.00 	86.6300 	-707.580 	530.510 	86.6440 	-707.526 	530.562 	
6283.00 	86.6300 	-707.580 	530.510 	86.6440 	-707.526 	530.562 	
6287.00 	86.6200 	-707.580 	530.510 	86.6440 	-707.526 	530.562 	
6291.00 	86.6200 	-707.580 	530.500 	86.6440 	-707.526 	530.562 	
6295.00 	86.6200 	-707.580 	530.510 	86.9490 	-706.998 	530.562 	
6300.00 	86.6200 	-707.580 	530.510 	86.9490 	-706.998 	530.562 	
6304.00 	86.6200 	-707.590 	530.520 	86.9490 	-706.998 	530.562 	
6308.00 	86.6200 	-707.590 	530.530 	86.9490 	-706.998 	530.562 	
6311.00 	86.6200 	-707.590 	530.540 	86.9490 	-706.998 	530.562 	
6317.00 	86.6200 	-707.600 	530.560 	86.9490 	-706.998 	530.562 	
6320.00 	86.6300 	-707.600 	530.560 	86.7040 	-707.630 	530.622 	
6324.00 	86.6300 	-707.590 	530.570 	86.7040 	-707.630 	530.622 	
6329.00 	86.6300 	-707.590 	530.570 	86.7040 	-707.630 	530.622 	
6333.00 	86.6300 	-707.590 	530.560 	86.7040 	-707.630 	530.622 	
6337.00 	86.6300 	-707.580 	530.540 	86.7040 	-707.630 	530.622 	
6341.00 	86.6300 	-707.580 	530.530 	86.7040 	-707.630 	530.622 	
6344.00 	86.6300 	-707.580 	530.530 	86.4865 	-707.574 	530.497 	
6349.00 	86.6300 	-707.580 	530.530 	86.4865 	-707.574 	530.497 	
6353.00 	86.6300 	-707.580 	530.520 	86.4865 	-707.574 	530.497 	
6356.00 	86.6300 	-707.580 	530.520 	86.4865 	-707.574 	530.497 	
6360.00 	86.6300 	-707.570 	530.520 	86.4865 	-707.574 	530.497 	
6364.00 	86.6300 	-707.570 	530.520 	86.4865 	-707.574 	530.497 	
6368.00 	86.6300 	-707.570 	530.510 	87.0290 	-707.067 	530.622 	
6373.00 	86.6300 	-707.570 	530.510 	87.0290 	-707.067 	530.622 	
6377.00 	86.6300 	-707.560 	530.510 	87.0290 	-707.067 	530.622 	
6381.00 	86.6300 	-707.560 	530.510 	87.0290 	-707.067 	530.622 	
6384.00 	86.6400 	-707.560 	530.510 	87.0290 	-707.067 	530.622 	
6388.00 	86.6400 	-707.560 	530.510 	87.0290 	-707.067 	530.622 	
6392.00 	86.6400 	-707.560 	530.510 	86.6415 	-707.617 	530.587 	
6396.00 	86.6400 	-707.550 	530.510 	86.6415 	-707.617 	530.587 	
6400.00 	86.6400 	-707.550 	530.510 	86.6415 	-707.617 	530.587 	
6404.00 	86.6400 	-707.550 	530.510 	86.6415 	-707.617 	530.587 	
6408.00 	86.6400 	-707.550 	530.510 	86.6415 	-707.617 	530.587 	
6412.00 	86.6400 	-707.550 	530.520 	86.6415 	-707.617 	530.587 	
6416.00 	86.6400 	-707.540 	530.520 	86.4215 	-707.721 	530.507 	
6421.00 	86.6400 	-707.540 	530.520 	86.4215 	-707.721 	530.507 	
6425.00 	86.6400 	-707.540 	530.530 	86.4215 	-707.721 	530.507 	
6429.00 	86.6400 	-707.530 	530.530 	86.4215 	-707.721 	530.507 	
6433.00 	86.6400 	-707.530 	530.530 	86.4215 	-707.721 	530.507 	
6436.00 	86.6400 	-707.530 	530.530 	86.4215 	-707.721 	530.507 	
6440.00 	86.6400 	-707.530 	530.530 	86.5865 	-707.678 	530.577 	
6444.00 	86.6400 	-707.520 	530.540 	86.5865 	-707.678 	530.577 	
6449.00 	86.6400 	-707.520 	530.540 	86.5865 	-707.678 	530.577 	
6453.00 	86.6400 	-707.520 	530.540 	86.5865 	-707.678 	530.577 	
6457.00 	86.6400 	-707.510 	530.550 	86.5865 	-707.678 	530.577 	
6461.00 	86.6400 	-707.510 	530.550 	86.5865 	-707.678 	530.577 	
6466.00 	86.6400 	-707.510 	530.550 	86.6840 	-707.526 	530.582 	
6470.00 	86.6400 	-707.510 	530.560 	86.6840 	-707.526 	530.582 	
6474.00 	86.6400 	-707.510 	530.570 	86.6840 	-707.526 	530.582 	
6477.00 	86.6400 	-707.520 	530.580 	86.6840 	-707.526 	530.582 	
6482.00 	86.6400 	-707.520 	530.590 	86.6840 	-707.526 	530.582 	
6486.00 	86.6400 	-707.520 	530.590 	86.6840 	-707.526 	530.582 	
6490.00 	86.6300 	-707.520 	530.600 	86.7565 	-707.695 	530.667 	
6494.00 	86.6300 	-707.520 	530.600 	86.7565 	-707.695 	530.667 	
6498.00 	86.6300 	-707.520 	530.600 	86.7565 	-707.695 	530.667 	
6502.00 	86.6300 	-707.520 	530.600 	86.7565 	-707.695 	530.667 	
6505.00 	86.6300 	-707.520 	530.600 	86.7565 	-707.695 	530.667 	
6509.00 	86.6300 	-707.530 	530.610 	86.7565 	-707.695 	530.667 	
6514.00 	86.6300 	-707.530 	530.610 	86.6940 	-707.543 	530.592 	
6518.00 	86.6300 	-707.530 	530.620 	86.6940 	-707.543 	530.592 	
6521.00 	86.6300 	-707.530 	530.620 	86.6940 	-707.543 	530.592 	
6525.00 	86.6300 	-707.530 	530.620 	86.6940 	-707.543 	530.592 	
6529.00 	86.6300 	-707.530 	530.620 	86.6940 	-707.543 	530.592 	
6533.00 	86.6300 	-707.530 	530.620 	86.6940 	-707.543 	530.592 	
6538.00 	86.6300 	-707.530 	530.620 	86.6790 	-707.604 	530.602 	
6542.00 	86.6400 	-707.530 	530.620 	86.6790 	-707.604 	530.602 	
6546.00 	86.6400 	-707.530 	530.630 	86.6790 	-707.604 	530.602 	
6550.00 	86.6400 	-707.530 	530.630 	86.6790 	-707.604 	530.602 	
6553.00 	86.6400 	-707.530 	530.630 	86.6790 	-707.604 	530.602 	
6557.00 	86.6400 	-707.530 	530.630 	86.6790 	-707.604 	530.602 	
6562.00 	86.6400 	-707.530 	530.630 	86.6290 	-707.795 	530.632 	
6565.00 	86.6400 	-707.540 	530.630 	86.6290 	-707.795 	530.632 	
6571.00 	86.6500 	-707.540 	530.640 	86.6290 	-707.795 	530.632 	
6573.00 	86.6500 	-707.540 	530.640 	86.6290 	-707.795 	530.632 	
6578.00 	86.6500 	-707.540 	530.640 	86.6290 	-707.795 	530.632 	
6582.00 	86.6500 	-707.540 	530.640 	86.6290 	-707.795 	530.632 	
6587.00 	86.6500 	-707.540 	530.640 	86.5865 	-707.401 	530.497 	
6591.00 	86.6600 	-707.540 	530.640 	86.5865 	-707.401 	530.497 	
6595.00 	86.6600 	-707.540 	530.650 	86.5865 	-707.401 	530.497 	
6598.00 	86.6600 	-707.540 	530.650 	86.5865 	-707.401 	530.497 	
6602.00 	86.6600 	-707.550 	530.640 	86.5865 	-707.401 	530.497 	
6606.00 	86.6600 	-707.550 	530.650 	86.5865 	-707.401 	530.497 	
6611.00 	86.6600 	-707.550 	530.650 	86.5965 	-707.383 	530.497 	
6614.00 	86.6600 	-707.550 	530.650 	86.5965 	-707.383 	530.497 	
6619.00 	86.6600 	-707.550 	530.650 	86.5965 	-707.383 	530.497 	
6623.00 	86.6600 	-707.550 	530.650 	86.5965 	-707.383 	530.497 	
6627.00 	86.6500 	-707.550 	530.650 	86.5965 	-707.383 	530.497 	
6630.00 	86.6500 	-707.560 	530.650 	86.4590 	-707.604 	530.492 	
6635.00 	86.6500 	-707.560 	530.650 	86.4590 	-707.604 	530.492 	
6638.00 	86.6500 	-707.560 	530.650 	86.4590 	-707.604 	530.492 	
6642.00 	86.6500 	-707.560 	530.660 	86.4590 	-707.604 	530.492 	
6646.00 	86.6500 	-707.570 	530.650 	86.4590 	-707.604 	530.492 	
6650.00 	86.6500 	-707.560 	530.630 	86.4590 	-707.604 	530.492 	
6654.00 	86.6400 	-707.560 	530.620 	86.6040 	-707.630 	530.572 	
6659.00 	86.6400 	-707.560 	530.610 	86.6040 	-707.630 	530.572 	
6663.00 	86.6400 	-707.560 	530.610 	86.6040 	-707.630 	530.572 	
6667.00 	86.6400 	-707.550 	530.610 	86.6040 	-707.630 	530.572 	
6671.00 	86.6400 	-707.550 	530.600 	86.6040 	-707.630 	530.572 	
6675.00 	86.6400 	-707.550 	530.600 	86.6040 	-707.630 	530.572 	
6678.00 	86.6400 	-707.550 	530.600 	86.7465 	-707.678 	530.657 	
6683.00 	86.6400 	-707.550 	530.590 	86.7465 	-707.678 	530.657 	
6686.00 	86.6300 	-707.550 	530.580 	86.7465 	-707.678 	530.657 	
6691.00 	86.6300 	-707.550 	530.580 	86.7465 	-707.678 	530.657 	
6694.00 	86.6300 	-707.550 	530.570 	86.7465 	-707.678 	530.657 	
6699.00 	86.6300 	-707.550 	530.570 	86.7465 	-707.678 	530.657 	
6703.00 	86.6300 	-707.550 	530.570 	86.5640 	-707.388 	530.482 	
6707.00 	86.6300 	-707.550 	530.570 	86.5640 	-707.388 	530.482 	
6711.00 	86.6300 	-707.550 	530.560 	86.5640 	-707.388 	530.482 	
6715.00 	86.6300 	-707.550 	530.560 	86.5640 	-707.388 	530.482 	
6719.00 	86.6300 	-707.550 	530.560 	86.5640 	-707.388 	530.482 	
6723.00 	86.6300 	-707.550 	530.560 	86.5640 	-707.388 	530.482 	
6728.00 	86.6300 	-707.560 	530.570 	86.6040 	-707.699 	530.592 	
6732.00 	86.6300 	-707.570 	530.580 	86.6040 	-707.699 	530.592 	
6736.00 	86.6400 	-707.570 	530.590 	86.6040 	-707.699 	530.592 	
6739.00 	86.6400 	-707.570 	530.600 	86.6040 	-707.699 	530.592 	
6743.00 	86.6400 	-707.570 	530.600 	86.6040 	-707.699 	530.592 	
6747.00 	86.6400 	-707.570 	530.600 	86.6040 	-707.699 	530.592 	
6752.00 	86.6400 	-707.570 	530.600 	86.6365 	-707.591 	530.577 	
6755.00 	86.6400 	-707.570 	530.600 	86.6365 	-707.591 	530.577 	
6759.00 	86.6400 	-707.570 	530.590 	86.6365 	-707.591 	530.577 	
6763.00 	86.6400 	-707.570 	530.580 	86.6365 	-707.591 	530.577 	
6767.00 	86.6400 	-707.560 	530.570 	86.6365 	-707.591 	530.577 	
6771.00 	86.6400 	-707.560 	530.560 	86.6365 	-707.591 	530.577 	
6776.00 	86.6400 	-707.560 	530.550 	87.0515 	-707.080 	530.637 	
6779.00 	86.6400 	-707.560 	530.550 	87.0515 	-707.080 	530.637 	
6783.00 	86.6400 	-707.560 	530.550 	87.0515 	-707.080 	530.637 	
6787.00 	86.6300 	-707.560 	530.560 	87.0515 	-707.080 	530.637 	
6792.00 	86.6300 	-707.570 	530.570 	87.0515 	-707.080 	530.637 	
6795.00 	86.6400 	-707.570 	530.570 	86.5515 	-707.427 	530.487 	
6800.00 	86.6400 	-707.570 	530.580 	86.5515 	-707.427 	530.487 	
6804.00 	86.6400 	-707.570 	530.580 	86.5515 	-707.427 	530.487 	
6807.00 	86.6400 	-707.570 	530.580 	86.5515 	-707.427 	530.487 	
6811.00 	86.6400 	-707.570 	530.580 	86.5515 	-707.427 	530.487 	
6815.00 	86.6500 	-707.570 	530.570 	86.5515 	-707.427 	530.487 	
6819.00 	86.6500 	-707.560 	530.560 	86.6865 	-707.643 	530.617 	
6825.00 	86.6500 	-707.560 	530.550 	86.6865 	-707.643 	530.617 	
6827.00 	86.6500 	-707.560 	530.540 	86.6865 	-707.643 	530.617 	
6832.00 	86.6500 	-707.550 	530.540 	86.6865 	-707.643 	530.617 	
6836.00 	86.6500 	-707.550 	530.540 	86.6865 	-707.643 	530.617 	
6840.00 	86.6500 	-707.550 	530.540 	86.6865 	-707.643 	530.617 	
6844.00 	86.6500 	-707.550 	530.530 	86.7015 	-707.548 	530.597 	
6849.00 	86.6600 	-707.550 	530.530 	86.7015 	-707.548 	530.597 	
6852.00 	86.6600 	-707.540 	530.520 	86.7015 	-707.548 	530.597 	
6856.00 	86.6600 	-707.540 	530.520 	86.7015 	-707.548 	530.597 	
6860.00 	86.6600 	-707.540 	530.510 	86.7015 	-707.548 	530.597 	
6864.00 	86.6600 	-707.540 	530.510 	86.7015 	-707.548 	530.597 	
6868.00 	86.6600 	-707.540 	530.510 	86.4565 	-708.007 	530.607 	
6873.00 	86.6700 	-707.530 	530.510 	86.4565 	-708.007 	530.607 	
6877.00 	86.6700 	-707.530 	530.510 	86.4565 	-708.007 	530.607 	
6881.00 	86.6700 	-707.530 	530.500 	86.4565 	-708.007 	530.607 	
6885.00 	86.6700 	-707.530 	530.500 	86.4565 	-708.007 	530.607 	
6888.00 	86.6700 	-707.530 	530.500 	86.4565 	-708.007 	530.607 	
6892.00 	86.6700 	-707.530 	530.500 	86.4615 	-707.652 	530.507 	
6896.00 	86.6700 	-707.530 	530.520 	86.4615 	-707.652 	530.507 	
